# release: pcb 20110918

# To read pcb files, the pcb version (or the git source date) must be >= the file version
FileVersion[20070407]

PCB["" 393701 275591]

Grid[3937.0 0 0 1]
Cursor[59055 55118 0.000000]
PolyArea[3100.006200]
Thermal[0.500000]
DRC[1969 1969 1969 1969 1969 1969]
Flags("nameonpcb,clearnew,snappin")
Groups("1,c:2:3:4:5:6,s:7:8")
Styles["Signal,3937,9843,3937,3937:Power,2500,6000,3500,1000:Fat,4000,6000,3500,1000:Skinny,600,2402,1181,600"]

Symbol[' ' 1800]
(
)
Symbol['!' 1200]
(
	SymbolLine[0 4500 0 5000 800]
	SymbolLine[0 1000 0 3500 800]
)
Symbol['"' 1200]
(
	SymbolLine[0 1000 0 2000 800]
	SymbolLine[1000 1000 1000 2000 800]
)
Symbol['#' 1200]
(
	SymbolLine[0 3500 2000 3500 800]
	SymbolLine[0 2500 2000 2500 800]
	SymbolLine[1500 2000 1500 4000 800]
	SymbolLine[500 2000 500 4000 800]
)
Symbol['$' 1200]
(
	SymbolLine[1500 1500 2000 2000 800]
	SymbolLine[500 1500 1500 1500 800]
	SymbolLine[0 2000 500 1500 800]
	SymbolLine[0 2000 0 2500 800]
	SymbolLine[0 2500 500 3000 800]
	SymbolLine[500 3000 1500 3000 800]
	SymbolLine[1500 3000 2000 3500 800]
	SymbolLine[2000 3500 2000 4000 800]
	SymbolLine[1500 4500 2000 4000 800]
	SymbolLine[500 4500 1500 4500 800]
	SymbolLine[0 4000 500 4500 800]
	SymbolLine[1000 1000 1000 5000 800]
)
Symbol['%' 1200]
(
	SymbolLine[0 1500 0 2000 800]
	SymbolLine[0 1500 500 1000 800]
	SymbolLine[500 1000 1000 1000 800]
	SymbolLine[1000 1000 1500 1500 800]
	SymbolLine[1500 1500 1500 2000 800]
	SymbolLine[1000 2500 1500 2000 800]
	SymbolLine[500 2500 1000 2500 800]
	SymbolLine[0 2000 500 2500 800]
	SymbolLine[0 5000 4000 1000 800]
	SymbolLine[3500 5000 4000 4500 800]
	SymbolLine[4000 4000 4000 4500 800]
	SymbolLine[3500 3500 4000 4000 800]
	SymbolLine[3000 3500 3500 3500 800]
	SymbolLine[2500 4000 3000 3500 800]
	SymbolLine[2500 4000 2500 4500 800]
	SymbolLine[2500 4500 3000 5000 800]
	SymbolLine[3000 5000 3500 5000 800]
)
Symbol['&' 1200]
(
	SymbolLine[0 4500 500 5000 800]
	SymbolLine[0 1500 0 2500 800]
	SymbolLine[0 1500 500 1000 800]
	SymbolLine[0 3500 1500 2000 800]
	SymbolLine[500 5000 1000 5000 800]
	SymbolLine[1000 5000 2000 4000 800]
	SymbolLine[0 2500 2500 5000 800]
	SymbolLine[500 1000 1000 1000 800]
	SymbolLine[1000 1000 1500 1500 800]
	SymbolLine[1500 1500 1500 2000 800]
	SymbolLine[0 3500 0 4500 800]
)
Symbol[''' 1200]
(
	SymbolLine[0 2000 1000 1000 800]
)
Symbol['(' 1200]
(
	SymbolLine[0 4500 500 5000 800]
	SymbolLine[0 1500 500 1000 800]
	SymbolLine[0 1500 0 4500 800]
)
Symbol[')' 1200]
(
	SymbolLine[0 1000 500 1500 800]
	SymbolLine[500 1500 500 4500 800]
	SymbolLine[0 5000 500 4500 800]
)
Symbol['*' 1200]
(
	SymbolLine[0 2000 2000 4000 800]
	SymbolLine[0 4000 2000 2000 800]
	SymbolLine[0 3000 2000 3000 800]
	SymbolLine[1000 2000 1000 4000 800]
)
Symbol['+' 1200]
(
	SymbolLine[0 3000 2000 3000 800]
	SymbolLine[1000 2000 1000 4000 800]
)
Symbol[',' 1200]
(
	SymbolLine[0 6000 1000 5000 800]
)
Symbol['-' 1200]
(
	SymbolLine[0 3000 2000 3000 800]
)
Symbol['.' 1200]
(
	SymbolLine[0 5000 500 5000 800]
)
Symbol['/' 1200]
(
	SymbolLine[0 4500 3000 1500 800]
)
Symbol['0' 1200]
(
	SymbolLine[0 4500 500 5000 800]
	SymbolLine[0 1500 0 4500 800]
	SymbolLine[0 1500 500 1000 800]
	SymbolLine[500 1000 1500 1000 800]
	SymbolLine[1500 1000 2000 1500 800]
	SymbolLine[2000 1500 2000 4500 800]
	SymbolLine[1500 5000 2000 4500 800]
	SymbolLine[500 5000 1500 5000 800]
	SymbolLine[0 4000 2000 2000 800]
)
Symbol['1' 1200]
(
	SymbolLine[0 1800 800 1000 800]
	SymbolLine[800 1000 800 5000 800]
	SymbolLine[0 5000 1500 5000 800]
)
Symbol['2' 1200]
(
	SymbolLine[0 1500 500 1000 800]
	SymbolLine[500 1000 2000 1000 800]
	SymbolLine[2000 1000 2500 1500 800]
	SymbolLine[2500 1500 2500 2500 800]
	SymbolLine[0 5000 2500 2500 800]
	SymbolLine[0 5000 2500 5000 800]
)
Symbol['3' 1200]
(
	SymbolLine[0 1500 500 1000 800]
	SymbolLine[500 1000 1500 1000 800]
	SymbolLine[1500 1000 2000 1500 800]
	SymbolLine[1500 5000 2000 4500 800]
	SymbolLine[500 5000 1500 5000 800]
	SymbolLine[0 4500 500 5000 800]
	SymbolLine[500 2800 1500 2800 800]
	SymbolLine[2000 1500 2000 2300 800]
	SymbolLine[2000 3300 2000 4500 800]
	SymbolLine[2000 3300 1500 2800 800]
	SymbolLine[2000 2300 1500 2800 800]
)
Symbol['4' 1200]
(
	SymbolLine[0 3500 2000 1000 800]
	SymbolLine[0 3500 2500 3500 800]
	SymbolLine[2000 1000 2000 5000 800]
)
Symbol['5' 1200]
(
	SymbolLine[0 1000 2000 1000 800]
	SymbolLine[0 1000 0 3000 800]
	SymbolLine[0 3000 500 2500 800]
	SymbolLine[500 2500 1500 2500 800]
	SymbolLine[1500 2500 2000 3000 800]
	SymbolLine[2000 3000 2000 4500 800]
	SymbolLine[1500 5000 2000 4500 800]
	SymbolLine[500 5000 1500 5000 800]
	SymbolLine[0 4500 500 5000 800]
)
Symbol['6' 1200]
(
	SymbolLine[1500 1000 2000 1500 800]
	SymbolLine[500 1000 1500 1000 800]
	SymbolLine[0 1500 500 1000 800]
	SymbolLine[0 1500 0 4500 800]
	SymbolLine[0 4500 500 5000 800]
	SymbolLine[1500 2800 2000 3300 800]
	SymbolLine[0 2800 1500 2800 800]
	SymbolLine[500 5000 1500 5000 800]
	SymbolLine[1500 5000 2000 4500 800]
	SymbolLine[2000 3300 2000 4500 800]
)
Symbol['7' 1200]
(
	SymbolLine[500 5000 2500 1000 800]
	SymbolLine[0 1000 2500 1000 800]
)
Symbol['8' 1200]
(
	SymbolLine[0 4500 500 5000 800]
	SymbolLine[0 3700 0 4500 800]
	SymbolLine[0 3700 700 3000 800]
	SymbolLine[700 3000 1300 3000 800]
	SymbolLine[1300 3000 2000 3700 800]
	SymbolLine[2000 3700 2000 4500 800]
	SymbolLine[1500 5000 2000 4500 800]
	SymbolLine[500 5000 1500 5000 800]
	SymbolLine[0 2300 700 3000 800]
	SymbolLine[0 1500 0 2300 800]
	SymbolLine[0 1500 500 1000 800]
	SymbolLine[500 1000 1500 1000 800]
	SymbolLine[1500 1000 2000 1500 800]
	SymbolLine[2000 1500 2000 2300 800]
	SymbolLine[1300 3000 2000 2300 800]
)
Symbol['9' 1200]
(
	SymbolLine[500 5000 2000 3000 800]
	SymbolLine[2000 1500 2000 3000 800]
	SymbolLine[1500 1000 2000 1500 800]
	SymbolLine[500 1000 1500 1000 800]
	SymbolLine[0 1500 500 1000 800]
	SymbolLine[0 1500 0 2500 800]
	SymbolLine[0 2500 500 3000 800]
	SymbolLine[500 3000 2000 3000 800]
)
Symbol[':' 1200]
(
	SymbolLine[0 2500 500 2500 800]
	SymbolLine[0 3500 500 3500 800]
)
Symbol[';' 1200]
(
	SymbolLine[0 5000 1000 4000 800]
	SymbolLine[1000 2500 1000 3000 800]
)
Symbol['<' 1200]
(
	SymbolLine[0 3000 1000 2000 800]
	SymbolLine[0 3000 1000 4000 800]
)
Symbol['=' 1200]
(
	SymbolLine[0 2500 2000 2500 800]
	SymbolLine[0 3500 2000 3500 800]
)
Symbol['>' 1200]
(
	SymbolLine[0 2000 1000 3000 800]
	SymbolLine[0 4000 1000 3000 800]
)
Symbol['?' 1200]
(
	SymbolLine[1000 3000 1000 3500 800]
	SymbolLine[1000 4500 1000 5000 800]
	SymbolLine[0 1500 0 2000 800]
	SymbolLine[0 1500 500 1000 800]
	SymbolLine[500 1000 1500 1000 800]
	SymbolLine[1500 1000 2000 1500 800]
	SymbolLine[2000 1500 2000 2000 800]
	SymbolLine[1000 3000 2000 2000 800]
)
Symbol['@' 1200]
(
	SymbolLine[0 1000 0 4000 800]
	SymbolLine[0 4000 1000 5000 800]
	SymbolLine[1000 5000 4000 5000 800]
	SymbolLine[5000 3500 5000 1000 800]
	SymbolLine[5000 1000 4000 0 800]
	SymbolLine[4000 0 1000 0 800]
	SymbolLine[1000 0 0 1000 800]
	SymbolLine[1500 2000 1500 3000 800]
	SymbolLine[1500 3000 2000 3500 800]
	SymbolLine[2000 3500 3000 3500 800]
	SymbolLine[3000 3500 3500 3000 800]
	SymbolLine[3500 3000 4000 3500 800]
	SymbolLine[3500 3000 3500 1500 800]
	SymbolLine[3500 2000 3000 1500 800]
	SymbolLine[2000 1500 3000 1500 800]
	SymbolLine[2000 1500 1500 2000 800]
	SymbolLine[4000 3500 5000 3500 800]
)
Symbol['A' 1200]
(
	SymbolLine[0 2000 0 5000 800]
	SymbolLine[0 2000 700 1000 800]
	SymbolLine[700 1000 1800 1000 800]
	SymbolLine[1800 1000 2500 2000 800]
	SymbolLine[2500 2000 2500 5000 800]
	SymbolLine[0 3000 2500 3000 800]
)
Symbol['B' 1200]
(
	SymbolLine[0 5000 2000 5000 800]
	SymbolLine[2000 5000 2500 4500 800]
	SymbolLine[2500 3300 2500 4500 800]
	SymbolLine[2000 2800 2500 3300 800]
	SymbolLine[500 2800 2000 2800 800]
	SymbolLine[500 1000 500 5000 800]
	SymbolLine[0 1000 2000 1000 800]
	SymbolLine[2000 1000 2500 1500 800]
	SymbolLine[2500 1500 2500 2300 800]
	SymbolLine[2000 2800 2500 2300 800]
)
Symbol['C' 1200]
(
	SymbolLine[700 5000 2000 5000 800]
	SymbolLine[0 4300 700 5000 800]
	SymbolLine[0 1700 0 4300 800]
	SymbolLine[0 1700 700 1000 800]
	SymbolLine[700 1000 2000 1000 800]
)
Symbol['D' 1200]
(
	SymbolLine[500 1000 500 5000 800]
	SymbolLine[1800 1000 2500 1700 800]
	SymbolLine[2500 1700 2500 4300 800]
	SymbolLine[1800 5000 2500 4300 800]
	SymbolLine[0 5000 1800 5000 800]
	SymbolLine[0 1000 1800 1000 800]
)
Symbol['E' 1200]
(
	SymbolLine[0 2800 1500 2800 800]
	SymbolLine[0 5000 2000 5000 800]
	SymbolLine[0 1000 0 5000 800]
	SymbolLine[0 1000 2000 1000 800]
)
Symbol['F' 1200]
(
	SymbolLine[0 1000 0 5000 800]
	SymbolLine[0 1000 2000 1000 800]
	SymbolLine[0 2800 1500 2800 800]
)
Symbol['G' 1200]
(
	SymbolLine[2000 1000 2500 1500 800]
	SymbolLine[500 1000 2000 1000 800]
	SymbolLine[0 1500 500 1000 800]
	SymbolLine[0 1500 0 4500 800]
	SymbolLine[0 4500 500 5000 800]
	SymbolLine[500 5000 2000 5000 800]
	SymbolLine[2000 5000 2500 4500 800]
	SymbolLine[2500 3500 2500 4500 800]
	SymbolLine[2000 3000 2500 3500 800]
	SymbolLine[1000 3000 2000 3000 800]
)
Symbol['H' 1200]
(
	SymbolLine[0 1000 0 5000 800]
	SymbolLine[2500 1000 2500 5000 800]
	SymbolLine[0 3000 2500 3000 800]
)
Symbol['I' 1200]
(
	SymbolLine[0 1000 1000 1000 800]
	SymbolLine[500 1000 500 5000 800]
	SymbolLine[0 5000 1000 5000 800]
)
Symbol['J' 1200]
(
	SymbolLine[700 1000 1500 1000 800]
	SymbolLine[1500 1000 1500 4500 800]
	SymbolLine[1000 5000 1500 4500 800]
	SymbolLine[500 5000 1000 5000 800]
	SymbolLine[0 4500 500 5000 800]
	SymbolLine[0 4500 0 4000 800]
)
Symbol['K' 1200]
(
	SymbolLine[0 1000 0 5000 800]
	SymbolLine[0 3000 2000 1000 800]
	SymbolLine[0 3000 2000 5000 800]
)
Symbol['L' 1200]
(
	SymbolLine[0 1000 0 5000 800]
	SymbolLine[0 5000 2000 5000 800]
)
Symbol['M' 1200]
(
	SymbolLine[0 1000 0 5000 800]
	SymbolLine[0 1000 1500 3000 800]
	SymbolLine[1500 3000 3000 1000 800]
	SymbolLine[3000 1000 3000 5000 800]
)
Symbol['N' 1200]
(
	SymbolLine[0 1000 0 5000 800]
	SymbolLine[0 1000 2500 5000 800]
	SymbolLine[2500 1000 2500 5000 800]
)
Symbol['O' 1200]
(
	SymbolLine[0 1500 0 4500 800]
	SymbolLine[0 1500 500 1000 800]
	SymbolLine[500 1000 1500 1000 800]
	SymbolLine[1500 1000 2000 1500 800]
	SymbolLine[2000 1500 2000 4500 800]
	SymbolLine[1500 5000 2000 4500 800]
	SymbolLine[500 5000 1500 5000 800]
	SymbolLine[0 4500 500 5000 800]
)
Symbol['P' 1200]
(
	SymbolLine[500 1000 500 5000 800]
	SymbolLine[0 1000 2000 1000 800]
	SymbolLine[2000 1000 2500 1500 800]
	SymbolLine[2500 1500 2500 2500 800]
	SymbolLine[2000 3000 2500 2500 800]
	SymbolLine[500 3000 2000 3000 800]
)
Symbol['Q' 1200]
(
	SymbolLine[0 1500 0 4500 800]
	SymbolLine[0 1500 500 1000 800]
	SymbolLine[500 1000 1500 1000 800]
	SymbolLine[1500 1000 2000 1500 800]
	SymbolLine[2000 1500 2000 4000 800]
	SymbolLine[1000 5000 2000 4000 800]
	SymbolLine[500 5000 1000 5000 800]
	SymbolLine[0 4500 500 5000 800]
	SymbolLine[1000 3500 2000 5000 800]
)
Symbol['R' 1200]
(
	SymbolLine[0 1000 2000 1000 800]
	SymbolLine[2000 1000 2500 1500 800]
	SymbolLine[2500 1500 2500 2500 800]
	SymbolLine[2000 3000 2500 2500 800]
	SymbolLine[500 3000 2000 3000 800]
	SymbolLine[500 1000 500 5000 800]
	SymbolLine[1300 3000 2500 5000 800]
)
Symbol['S' 1200]
(
	SymbolLine[2000 1000 2500 1500 800]
	SymbolLine[500 1000 2000 1000 800]
	SymbolLine[0 1500 500 1000 800]
	SymbolLine[0 1500 0 2500 800]
	SymbolLine[0 2500 500 3000 800]
	SymbolLine[500 3000 2000 3000 800]
	SymbolLine[2000 3000 2500 3500 800]
	SymbolLine[2500 3500 2500 4500 800]
	SymbolLine[2000 5000 2500 4500 800]
	SymbolLine[500 5000 2000 5000 800]
	SymbolLine[0 4500 500 5000 800]
)
Symbol['T' 1200]
(
	SymbolLine[0 1000 2000 1000 800]
	SymbolLine[1000 1000 1000 5000 800]
)
Symbol['U' 1200]
(
	SymbolLine[0 1000 0 4500 800]
	SymbolLine[0 4500 500 5000 800]
	SymbolLine[500 5000 1500 5000 800]
	SymbolLine[1500 5000 2000 4500 800]
	SymbolLine[2000 1000 2000 4500 800]
)
Symbol['V' 1200]
(
	SymbolLine[0 1000 1000 5000 800]
	SymbolLine[1000 5000 2000 1000 800]
)
Symbol['W' 1200]
(
	SymbolLine[0 1000 0 3000 800]
	SymbolLine[0 3000 500 5000 800]
	SymbolLine[500 5000 1500 3000 800]
	SymbolLine[1500 3000 2500 5000 800]
	SymbolLine[2500 5000 3000 3000 800]
	SymbolLine[3000 3000 3000 1000 800]
)
Symbol['X' 1200]
(
	SymbolLine[0 5000 2500 1000 800]
	SymbolLine[0 1000 2500 5000 800]
)
Symbol['Y' 1200]
(
	SymbolLine[0 1000 1000 3000 800]
	SymbolLine[1000 3000 2000 1000 800]
	SymbolLine[1000 3000 1000 5000 800]
)
Symbol['Z' 1200]
(
	SymbolLine[0 1000 2500 1000 800]
	SymbolLine[0 5000 2500 1000 800]
	SymbolLine[0 5000 2500 5000 800]
)
Symbol['[' 1200]
(
	SymbolLine[0 1000 500 1000 800]
	SymbolLine[0 1000 0 5000 800]
	SymbolLine[0 5000 500 5000 800]
)
Symbol['\' 1200]
(
	SymbolLine[0 1500 3000 4500 800]
)
Symbol[']' 1200]
(
	SymbolLine[0 1000 500 1000 800]
	SymbolLine[500 1000 500 5000 800]
	SymbolLine[0 5000 500 5000 800]
)
Symbol['^' 1200]
(
	SymbolLine[0 1500 500 1000 800]
	SymbolLine[500 1000 1000 1500 800]
)
Symbol['_' 1200]
(
	SymbolLine[0 5000 2000 5000 800]
)
Symbol['a' 1200]
(
	SymbolLine[1500 3000 2000 3500 800]
	SymbolLine[500 3000 1500 3000 800]
	SymbolLine[0 3500 500 3000 800]
	SymbolLine[0 3500 0 4500 800]
	SymbolLine[0 4500 500 5000 800]
	SymbolLine[2000 3000 2000 4500 800]
	SymbolLine[2000 4500 2500 5000 800]
	SymbolLine[500 5000 1500 5000 800]
	SymbolLine[1500 5000 2000 4500 800]
)
Symbol['b' 1200]
(
	SymbolLine[0 1000 0 5000 800]
	SymbolLine[0 4500 500 5000 800]
	SymbolLine[500 5000 1500 5000 800]
	SymbolLine[1500 5000 2000 4500 800]
	SymbolLine[2000 3500 2000 4500 800]
	SymbolLine[1500 3000 2000 3500 800]
	SymbolLine[500 3000 1500 3000 800]
	SymbolLine[0 3500 500 3000 800]
)
Symbol['c' 1200]
(
	SymbolLine[500 3000 2000 3000 800]
	SymbolLine[0 3500 500 3000 800]
	SymbolLine[0 3500 0 4500 800]
	SymbolLine[0 4500 500 5000 800]
	SymbolLine[500 5000 2000 5000 800]
)
Symbol['d' 1200]
(
	SymbolLine[2000 1000 2000 5000 800]
	SymbolLine[1500 5000 2000 4500 800]
	SymbolLine[500 5000 1500 5000 800]
	SymbolLine[0 4500 500 5000 800]
	SymbolLine[0 3500 0 4500 800]
	SymbolLine[0 3500 500 3000 800]
	SymbolLine[500 3000 1500 3000 800]
	SymbolLine[1500 3000 2000 3500 800]
)
Symbol['e' 1200]
(
	SymbolLine[500 5000 2000 5000 800]
	SymbolLine[0 4500 500 5000 800]
	SymbolLine[0 3500 0 4500 800]
	SymbolLine[0 3500 500 3000 800]
	SymbolLine[500 3000 1500 3000 800]
	SymbolLine[1500 3000 2000 3500 800]
	SymbolLine[0 4000 2000 4000 800]
	SymbolLine[2000 4000 2000 3500 800]
)
Symbol['f' 1000]
(
	SymbolLine[500 1500 500 5000 800]
	SymbolLine[500 1500 1000 1000 800]
	SymbolLine[1000 1000 1500 1000 800]
	SymbolLine[0 3000 1000 3000 800]
)
Symbol['g' 1200]
(
	SymbolLine[1500 3000 2000 3500 800]
	SymbolLine[500 3000 1500 3000 800]
	SymbolLine[0 3500 500 3000 800]
	SymbolLine[0 3500 0 4500 800]
	SymbolLine[0 4500 500 5000 800]
	SymbolLine[500 5000 1500 5000 800]
	SymbolLine[1500 5000 2000 4500 800]
	SymbolLine[0 6000 500 6500 800]
	SymbolLine[500 6500 1500 6500 800]
	SymbolLine[1500 6500 2000 6000 800]
	SymbolLine[2000 3000 2000 6000 800]
)
Symbol['h' 1200]
(
	SymbolLine[0 1000 0 5000 800]
	SymbolLine[0 3500 500 3000 800]
	SymbolLine[500 3000 1500 3000 800]
	SymbolLine[1500 3000 2000 3500 800]
	SymbolLine[2000 3500 2000 5000 800]
)
Symbol['i' 1000]
(
	SymbolLine[0 2000 0 2100 1000]
	SymbolLine[0 3500 0 5000 800]
)
Symbol['j' 1000]
(
	SymbolLine[500 2000 500 2100 1000]
	SymbolLine[500 3500 500 6000 800]
	SymbolLine[0 6500 500 6000 800]
)
Symbol['k' 1200]
(
	SymbolLine[0 1000 0 5000 800]
	SymbolLine[0 3500 1500 5000 800]
	SymbolLine[0 3500 1000 2500 800]
)
Symbol['l' 1000]
(
	SymbolLine[0 1000 0 4500 800]
	SymbolLine[0 4500 500 5000 800]
)
Symbol['m' 1200]
(
	SymbolLine[500 3500 500 5000 800]
	SymbolLine[500 3500 1000 3000 800]
	SymbolLine[1000 3000 1500 3000 800]
	SymbolLine[1500 3000 2000 3500 800]
	SymbolLine[2000 3500 2000 5000 800]
	SymbolLine[2000 3500 2500 3000 800]
	SymbolLine[2500 3000 3000 3000 800]
	SymbolLine[3000 3000 3500 3500 800]
	SymbolLine[3500 3500 3500 5000 800]
	SymbolLine[0 3000 500 3500 800]
)
Symbol['n' 1200]
(
	SymbolLine[500 3500 500 5000 800]
	SymbolLine[500 3500 1000 3000 800]
	SymbolLine[1000 3000 1500 3000 800]
	SymbolLine[1500 3000 2000 3500 800]
	SymbolLine[2000 3500 2000 5000 800]
	SymbolLine[0 3000 500 3500 800]
)
Symbol['o' 1200]
(
	SymbolLine[0 3500 0 4500 800]
	SymbolLine[0 3500 500 3000 800]
	SymbolLine[500 3000 1500 3000 800]
	SymbolLine[1500 3000 2000 3500 800]
	SymbolLine[2000 3500 2000 4500 800]
	SymbolLine[1500 5000 2000 4500 800]
	SymbolLine[500 5000 1500 5000 800]
	SymbolLine[0 4500 500 5000 800]
)
Symbol['p' 1200]
(
	SymbolLine[500 3500 500 6500 800]
	SymbolLine[0 3000 500 3500 800]
	SymbolLine[500 3500 1000 3000 800]
	SymbolLine[1000 3000 2000 3000 800]
	SymbolLine[2000 3000 2500 3500 800]
	SymbolLine[2500 3500 2500 4500 800]
	SymbolLine[2000 5000 2500 4500 800]
	SymbolLine[1000 5000 2000 5000 800]
	SymbolLine[500 4500 1000 5000 800]
)
Symbol['q' 1200]
(
	SymbolLine[2000 3500 2000 6500 800]
	SymbolLine[1500 3000 2000 3500 800]
	SymbolLine[500 3000 1500 3000 800]
	SymbolLine[0 3500 500 3000 800]
	SymbolLine[0 3500 0 4500 800]
	SymbolLine[0 4500 500 5000 800]
	SymbolLine[500 5000 1500 5000 800]
	SymbolLine[1500 5000 2000 4500 800]
)
Symbol['r' 1200]
(
	SymbolLine[500 3500 500 5000 800]
	SymbolLine[500 3500 1000 3000 800]
	SymbolLine[1000 3000 2000 3000 800]
	SymbolLine[0 3000 500 3500 800]
)
Symbol['s' 1200]
(
	SymbolLine[500 5000 2000 5000 800]
	SymbolLine[2000 5000 2500 4500 800]
	SymbolLine[2000 4000 2500 4500 800]
	SymbolLine[500 4000 2000 4000 800]
	SymbolLine[0 3500 500 4000 800]
	SymbolLine[0 3500 500 3000 800]
	SymbolLine[500 3000 2000 3000 800]
	SymbolLine[2000 3000 2500 3500 800]
	SymbolLine[0 4500 500 5000 800]
)
Symbol['t' 1000]
(
	SymbolLine[500 1000 500 4500 800]
	SymbolLine[500 4500 1000 5000 800]
	SymbolLine[0 2500 1000 2500 800]
)
Symbol['u' 1200]
(
	SymbolLine[0 3000 0 4500 800]
	SymbolLine[0 4500 500 5000 800]
	SymbolLine[500 5000 1500 5000 800]
	SymbolLine[1500 5000 2000 4500 800]
	SymbolLine[2000 3000 2000 4500 800]
)
Symbol['v' 1200]
(
	SymbolLine[0 3000 1000 5000 800]
	SymbolLine[2000 3000 1000 5000 800]
)
Symbol['w' 1200]
(
	SymbolLine[0 3000 0 4500 800]
	SymbolLine[0 4500 500 5000 800]
	SymbolLine[500 5000 1000 5000 800]
	SymbolLine[1000 5000 1500 4500 800]
	SymbolLine[1500 3000 1500 4500 800]
	SymbolLine[1500 4500 2000 5000 800]
	SymbolLine[2000 5000 2500 5000 800]
	SymbolLine[2500 5000 3000 4500 800]
	SymbolLine[3000 3000 3000 4500 800]
)
Symbol['x' 1200]
(
	SymbolLine[0 3000 2000 5000 800]
	SymbolLine[0 5000 2000 3000 800]
)
Symbol['y' 1200]
(
	SymbolLine[0 3000 0 4500 800]
	SymbolLine[0 4500 500 5000 800]
	SymbolLine[2000 3000 2000 6000 800]
	SymbolLine[1500 6500 2000 6000 800]
	SymbolLine[500 6500 1500 6500 800]
	SymbolLine[0 6000 500 6500 800]
	SymbolLine[500 5000 1500 5000 800]
	SymbolLine[1500 5000 2000 4500 800]
)
Symbol['z' 1200]
(
	SymbolLine[0 3000 2000 3000 800]
	SymbolLine[0 5000 2000 3000 800]
	SymbolLine[0 5000 2000 5000 800]
)
Symbol['{' 1200]
(
	SymbolLine[500 1500 1000 1000 800]
	SymbolLine[500 1500 500 2500 800]
	SymbolLine[0 3000 500 2500 800]
	SymbolLine[0 3000 500 3500 800]
	SymbolLine[500 3500 500 4500 800]
	SymbolLine[500 4500 1000 5000 800]
)
Symbol['|' 1200]
(
	SymbolLine[0 1000 0 5000 800]
)
Symbol['}' 1200]
(
	SymbolLine[0 1000 500 1500 800]
	SymbolLine[500 1500 500 2500 800]
	SymbolLine[500 2500 1000 3000 800]
	SymbolLine[500 3500 1000 3000 800]
	SymbolLine[500 3500 500 4500 800]
	SymbolLine[0 5000 500 4500 800]
)
Symbol['~' 1200]
(
	SymbolLine[0 3500 500 3000 800]
	SymbolLine[500 3000 1000 3000 800]
	SymbolLine[1000 3000 1500 3500 800]
	SymbolLine[1500 3500 2000 3500 800]
	SymbolLine[2000 3500 2500 3000 800]
)
Attribute("PCB::grid::unit" "mm")
Via[94488 23622 7874 7874 0 3937 "" ""]
Via[122047 23622 7874 7874 0 3937 "" ""]
Via[181102 23622 7874 7874 0 3937 "" ""]
Via[208661 23622 7874 7874 0 3937 "" ""]
Via[267717 23622 7874 7874 0 3937 "" ""]
Via[295276 23622 7874 7874 0 3937 "" ""]
Via[354331 23622 7874 7874 0 3937 "" ""]
Via[354331 90551 7874 7874 0 3937 "" ""]
Via[295276 90551 7874 7874 0 3937 "" ""]
Via[267717 90551 7874 7874 0 3937 "" ""]
Via[94488 90551 7874 7874 0 3937 "" ""]
Via[122047 90551 7874 7874 0 3937 "" ""]
Via[181102 90551 7874 7874 0 3937 "" ""]
Via[208661 90551 7874 7874 0 3937 "" ""]
Via[35433 23622 7874 7874 0 3937 "" ""]
Via[35433 90551 7874 7874 0 3937 "" ""]
Via[35433 157480 7874 7874 0 3937 "" ""]
Via[354331 157480 7874 7874 0 3937 "" ""]
Via[295276 157480 7874 7874 0 3937 "" ""]
Via[267717 157480 7874 7874 0 3937 "" ""]
Via[208661 157480 7874 7874 0 3937 "" ""]
Via[181102 157480 7874 7874 0 3937 "" ""]
Via[122047 157480 7874 7874 0 3937 "" ""]
Via[94488 157480 7874 7874 0 3937 "" ""]
Via[94488 251968 9843 7874 0 3937 "" ""]
Via[181102 251968 9843 7874 0 3937 "" ""]
Via[267716 251968 9843 7874 0 3937 "" ""]
Via[354330 251968 9843 7874 0 3937 "" ""]
Via[374016 240157 9843 7874 0 3937 "" ""]
Via[374016 216535 9843 7874 0 3937 "" ""]
Via[11811 251969 9843 7874 0 3937 "" ""]
Via[31496 251969 9843 7874 0 3937 "" ""]
Via[51181 251969 9843 7874 0 3937 "" ""]
Via[70866 251969 9843 7874 0 3937 "" ""]

Element["" "R 0.25W" "R1" "100" 75433 51181 -14500 3500 2 150 ""]
(
	Pin[0 0 6000 3000 9000 2800 "1" "1" "square,edge2"]
	Pin[-40000 0 6000 3000 9000 2800 "2" "2" "edge2"]
	ElementLine [-30000 5000 -10000 5000 1000]
	ElementLine [-30000 -5000 -30000 5000 1000]
	ElementLine [-30000 -5000 -10000 -5000 1000]
	ElementLine [-10000 -5000 -10000 5000 1000]
	ElementLine [-10000 0 -4000 0 1000]
	ElementLine [-36000 0 -30000 0 1000]

	)

Element["" "Transistor" "" "TO126W" 94488 41181 -7000 -4000 3 100 ""]
(
	Pin[0 1000 8000 3000 8600 5200 "1" "1" "square"]
	Pin[0 10000 8000 3000 8600 5200 "2" "2" ""]
	Pin[0 19000 8000 3000 8600 5200 "3" "3" ""]
	ElementLine [5000 -5000 5000 25000 2000]
	ElementLine [-5000 25000 5000 25000 2000]
	ElementLine [-5000 -5000 -5000 25000 2000]
	ElementLine [-5000 -5000 5000 -5000 2000]

	)

Element["" "Transistor" "" "TO126W" 94488 108110 -7000 -4000 3 100 ""]
(
	Pin[0 1000 8000 3000 8600 5200 "1" "1" "square"]
	Pin[0 10000 8000 3000 8600 5200 "2" "2" ""]
	Pin[0 19000 8000 3000 8600 5200 "3" "3" ""]
	ElementLine [5000 -5000 5000 25000 2000]
	ElementLine [-5000 25000 5000 25000 2000]
	ElementLine [-5000 -5000 -5000 25000 2000]
	ElementLine [-5000 -5000 5000 -5000 2000]

	)

Element["" "R 0.25W" "R1" "100" 75433 118110 -14500 3500 2 150 ""]
(
	Pin[0 0 6000 3000 9000 2800 "1" "1" "square,edge2"]
	Pin[-40000 0 6000 3000 9000 2800 "2" "2" "edge2"]
	ElementLine [-30000 5000 -10000 5000 1000]
	ElementLine [-30000 -5000 -30000 5000 1000]
	ElementLine [-30000 -5000 -10000 -5000 1000]
	ElementLine [-10000 -5000 -10000 5000 1000]
	ElementLine [-10000 0 -4000 0 1000]
	ElementLine [-36000 0 -30000 0 1000]

	)

Element["" "Transistor" "" "TO126W" 94488 175039 -7000 -4000 3 100 ""]
(
	Pin[0 1000 8000 3000 8600 5200 "1" "1" "square"]
	Pin[0 10000 8000 3000 8600 5200 "2" "2" ""]
	Pin[0 19000 8000 3000 8600 5200 "3" "3" ""]
	ElementLine [5000 -5000 5000 25000 2000]
	ElementLine [-5000 25000 5000 25000 2000]
	ElementLine [-5000 -5000 -5000 25000 2000]
	ElementLine [-5000 -5000 5000 -5000 2000]

	)

Element["" "R 0.25W" "R1" "100" 75433 185039 -14500 3500 2 150 ""]
(
	Pin[0 0 6000 3000 9000 2800 "1" "1" "square,edge2"]
	Pin[-40000 0 6000 3000 9000 2800 "2" "2" "edge2"]
	ElementLine [-30000 5000 -10000 5000 1000]
	ElementLine [-30000 -5000 -30000 5000 1000]
	ElementLine [-30000 -5000 -10000 -5000 1000]
	ElementLine [-10000 -5000 -10000 5000 1000]
	ElementLine [-10000 0 -4000 0 1000]
	ElementLine [-36000 0 -30000 0 1000]

	)

Element["" "R 0.25W" "R1" "100" 162047 51181 -14500 3500 2 150 ""]
(
	Pin[0 0 6000 3000 9000 2800 "1" "1" "square,edge2"]
	Pin[-40000 0 6000 3000 9000 2800 "2" "2" "edge2"]
	ElementLine [-30000 5000 -10000 5000 1000]
	ElementLine [-30000 -5000 -30000 5000 1000]
	ElementLine [-30000 -5000 -10000 -5000 1000]
	ElementLine [-10000 -5000 -10000 5000 1000]
	ElementLine [-10000 0 -4000 0 1000]
	ElementLine [-36000 0 -30000 0 1000]

	)

Element["" "R 0.25W" "R1" "100" 335276 51181 -14500 3500 2 150 ""]
(
	Pin[0 0 6000 3000 9000 2800 "1" "1" "square,edge2"]
	Pin[-40000 0 6000 3000 9000 2800 "2" "2" "edge2"]
	ElementLine [-30000 5000 -10000 5000 1000]
	ElementLine [-30000 -5000 -30000 5000 1000]
	ElementLine [-30000 -5000 -10000 -5000 1000]
	ElementLine [-10000 -5000 -10000 5000 1000]
	ElementLine [-10000 0 -4000 0 1000]
	ElementLine [-36000 0 -30000 0 1000]

	)

Element["" "Transistor" "" "TO126W" 354331 41181 -7000 -4000 3 100 ""]
(
	Pin[0 1000 8000 3000 8600 5200 "1" "1" "square"]
	Pin[0 10000 8000 3000 8600 5200 "2" "2" ""]
	Pin[0 19000 8000 3000 8600 5200 "3" "3" ""]
	ElementLine [5000 -5000 5000 25000 2000]
	ElementLine [-5000 25000 5000 25000 2000]
	ElementLine [-5000 -5000 -5000 25000 2000]
	ElementLine [-5000 -5000 5000 -5000 2000]

	)

Element["" "R 0.25W" "R1" "100" 248661 51181 -14500 3500 2 150 ""]
(
	Pin[0 0 6000 3000 9000 2800 "1" "1" "square,edge2"]
	Pin[-40000 0 6000 3000 9000 2800 "2" "2" "edge2"]
	ElementLine [-30000 5000 -10000 5000 1000]
	ElementLine [-30000 -5000 -30000 5000 1000]
	ElementLine [-30000 -5000 -10000 -5000 1000]
	ElementLine [-10000 -5000 -10000 5000 1000]
	ElementLine [-10000 0 -4000 0 1000]
	ElementLine [-36000 0 -30000 0 1000]

	)

Element["" "Transistor" "" "TO126W" 267717 41181 -7000 -4000 3 100 ""]
(
	Pin[0 1000 8000 3000 8600 5200 "1" "1" "square"]
	Pin[0 10000 8000 3000 8600 5200 "2" "2" ""]
	Pin[0 19000 8000 3000 8600 5200 "3" "3" ""]
	ElementLine [5000 -5000 5000 25000 2000]
	ElementLine [-5000 25000 5000 25000 2000]
	ElementLine [-5000 -5000 -5000 25000 2000]
	ElementLine [-5000 -5000 5000 -5000 2000]

	)

Element["" "Transistor" "" "TO126W" 181102 41181 -7000 -4000 3 100 ""]
(
	Pin[0 1000 8000 3000 8600 5200 "1" "1" "square"]
	Pin[0 10000 8000 3000 8600 5200 "2" "2" ""]
	Pin[0 19000 8000 3000 8600 5200 "3" "3" ""]
	ElementLine [5000 -5000 5000 25000 2000]
	ElementLine [-5000 25000 5000 25000 2000]
	ElementLine [-5000 -5000 -5000 25000 2000]
	ElementLine [-5000 -5000 5000 -5000 2000]

	)

Element["" "Transistor" "" "TO126W" 181102 108110 -7000 -4000 3 100 ""]
(
	Pin[0 1000 8000 3000 8600 5200 "1" "1" "square"]
	Pin[0 10000 8000 3000 8600 5200 "2" "2" ""]
	Pin[0 19000 8000 3000 8600 5200 "3" "3" ""]
	ElementLine [5000 -5000 5000 25000 2000]
	ElementLine [-5000 25000 5000 25000 2000]
	ElementLine [-5000 -5000 -5000 25000 2000]
	ElementLine [-5000 -5000 5000 -5000 2000]

	)

Element["" "Transistor" "" "TO126W" 267717 108110 -7000 -4000 3 100 ""]
(
	Pin[0 1000 8000 3000 8600 5200 "1" "1" "square"]
	Pin[0 10000 8000 3000 8600 5200 "2" "2" ""]
	Pin[0 19000 8000 3000 8600 5200 "3" "3" ""]
	ElementLine [5000 -5000 5000 25000 2000]
	ElementLine [-5000 25000 5000 25000 2000]
	ElementLine [-5000 -5000 -5000 25000 2000]
	ElementLine [-5000 -5000 5000 -5000 2000]

	)

Element["" "R 0.25W" "R1" "100" 248661 118110 -14500 3500 2 150 ""]
(
	Pin[0 0 6000 3000 9000 2800 "1" "1" "square,edge2"]
	Pin[-40000 0 6000 3000 9000 2800 "2" "2" "edge2"]
	ElementLine [-30000 5000 -10000 5000 1000]
	ElementLine [-30000 -5000 -30000 5000 1000]
	ElementLine [-30000 -5000 -10000 -5000 1000]
	ElementLine [-10000 -5000 -10000 5000 1000]
	ElementLine [-10000 0 -4000 0 1000]
	ElementLine [-36000 0 -30000 0 1000]

	)

Element["" "Transistor" "" "TO126W" 354331 108110 -7000 -4000 3 100 ""]
(
	Pin[0 1000 8000 3000 8600 5200 "1" "1" "square"]
	Pin[0 10000 8000 3000 8600 5200 "2" "2" ""]
	Pin[0 19000 8000 3000 8600 5200 "3" "3" ""]
	ElementLine [5000 -5000 5000 25000 2000]
	ElementLine [-5000 25000 5000 25000 2000]
	ElementLine [-5000 -5000 -5000 25000 2000]
	ElementLine [-5000 -5000 5000 -5000 2000]

	)

Element["" "R 0.25W" "R1" "100" 335276 118110 -14500 3500 2 150 ""]
(
	Pin[0 0 6000 3000 9000 2800 "1" "1" "square,edge2"]
	Pin[-40000 0 6000 3000 9000 2800 "2" "2" "edge2"]
	ElementLine [-30000 5000 -10000 5000 1000]
	ElementLine [-30000 -5000 -30000 5000 1000]
	ElementLine [-30000 -5000 -10000 -5000 1000]
	ElementLine [-10000 -5000 -10000 5000 1000]
	ElementLine [-10000 0 -4000 0 1000]
	ElementLine [-36000 0 -30000 0 1000]

	)

Element["" "R 0.25W" "R1" "100" 162047 118110 -14500 3500 2 150 ""]
(
	Pin[0 0 6000 3000 9000 2800 "1" "1" "square,edge2"]
	Pin[-40000 0 6000 3000 9000 2800 "2" "2" "edge2"]
	ElementLine [-30000 5000 -10000 5000 1000]
	ElementLine [-30000 -5000 -30000 5000 1000]
	ElementLine [-30000 -5000 -10000 -5000 1000]
	ElementLine [-10000 -5000 -10000 5000 1000]
	ElementLine [-10000 0 -4000 0 1000]
	ElementLine [-36000 0 -30000 0 1000]

	)

Element["" "Transistor" "" "TO126W" 181102 175039 -7000 -4000 3 100 ""]
(
	Pin[0 1000 8000 3000 8600 5200 "1" "1" "square"]
	Pin[0 10000 8000 3000 8600 5200 "2" "2" ""]
	Pin[0 19000 8000 3000 8600 5200 "3" "3" ""]
	ElementLine [5000 -5000 5000 25000 2000]
	ElementLine [-5000 25000 5000 25000 2000]
	ElementLine [-5000 -5000 -5000 25000 2000]
	ElementLine [-5000 -5000 5000 -5000 2000]

	)

Element["" "Transistor" "" "TO126W" 267717 175039 -7000 -4000 3 100 ""]
(
	Pin[0 1000 8000 3000 8600 5200 "1" "1" "square"]
	Pin[0 10000 8000 3000 8600 5200 "2" "2" ""]
	Pin[0 19000 8000 3000 8600 5200 "3" "3" ""]
	ElementLine [5000 -5000 5000 25000 2000]
	ElementLine [-5000 25000 5000 25000 2000]
	ElementLine [-5000 -5000 -5000 25000 2000]
	ElementLine [-5000 -5000 5000 -5000 2000]

	)

Element["" "R 0.25W" "R1" "100" 248661 185039 -14500 3500 2 150 ""]
(
	Pin[0 0 6000 3000 9000 2800 "1" "1" "square,edge2"]
	Pin[-40000 0 6000 3000 9000 2800 "2" "2" "edge2"]
	ElementLine [-30000 5000 -10000 5000 1000]
	ElementLine [-30000 -5000 -30000 5000 1000]
	ElementLine [-30000 -5000 -10000 -5000 1000]
	ElementLine [-10000 -5000 -10000 5000 1000]
	ElementLine [-10000 0 -4000 0 1000]
	ElementLine [-36000 0 -30000 0 1000]

	)

Element["" "Transistor" "" "TO126W" 354331 175039 -7000 -4000 3 100 ""]
(
	Pin[0 1000 8000 3000 8600 5200 "1" "1" "square"]
	Pin[0 10000 8000 3000 8600 5200 "2" "2" ""]
	Pin[0 19000 8000 3000 8600 5200 "3" "3" ""]
	ElementLine [5000 -5000 5000 25000 2000]
	ElementLine [-5000 25000 5000 25000 2000]
	ElementLine [-5000 -5000 -5000 25000 2000]
	ElementLine [-5000 -5000 5000 -5000 2000]

	)

Element["" "R 0.25W" "R1" "100" 335276 185039 -14500 3500 2 150 ""]
(
	Pin[0 0 6000 3000 9000 2800 "1" "1" "square,edge2"]
	Pin[-40000 0 6000 3000 9000 2800 "2" "2" "edge2"]
	ElementLine [-30000 5000 -10000 5000 1000]
	ElementLine [-30000 -5000 -30000 5000 1000]
	ElementLine [-30000 -5000 -10000 -5000 1000]
	ElementLine [-10000 -5000 -10000 5000 1000]
	ElementLine [-10000 0 -4000 0 1000]
	ElementLine [-36000 0 -30000 0 1000]

	)

Element["" "R 0.25W" "R1" "100" 162047 185039 -14500 3500 2 150 ""]
(
	Pin[0 0 6000 3000 9000 2800 "1" "1" "square,edge2"]
	Pin[-40000 0 6000 3000 9000 2800 "2" "2" "edge2"]
	ElementLine [-30000 5000 -10000 5000 1000]
	ElementLine [-30000 -5000 -30000 5000 1000]
	ElementLine [-30000 -5000 -10000 -5000 1000]
	ElementLine [-10000 -5000 -10000 5000 1000]
	ElementLine [-10000 0 -4000 0 1000]
	ElementLine [-36000 0 -30000 0 1000]

	)
Layer(1 "top")
(
	Line[75433 51181 94488 51181 3937 7874 "clearline"]
	Line[75433 118110 94488 118110 3937 7874 "clearline"]
	Line[75433 185039 94488 185039 3937 7874 "clearline"]
	Line[18559 194039 11811 200787 3937 7874 "clearline"]
	Line[18559 127110 15748 129921 3937 7874 "clearline"]
	Line[15748 196850 11811 200787 3937 7874 "clearline"]
	Line[18559 60181 15748 62992 3937 7874 "clearline"]
	Line[15748 196850 15748 62992 3937 7874 "clearline"]
	Line[35433 185039 35433 157480 3937 7874 "clearline"]
	Line[35433 118110 35433 90551 3937 7874 "clearline"]
	Line[35433 51181 35433 23622 3937 7874 "clearline"]
	Line[94488 109110 94488 90551 3937 7874 "clearline"]
	Line[94488 41181 94488 23622 3937 7874 "clearline"]
	Line[94488 176039 94488 157480 3937 7874 "clearline"]
	Line[335276 51181 354331 51181 3937 7874 "clearline"]
	Line[248661 51181 267717 51181 3937 7874 "clearline"]
	Line[162047 51181 181102 51181 3937 7874 "clearline"]
	Line[162047 118110 181102 118110 3937 7874 "clearline"]
	Line[248661 118110 267717 118110 3937 7874 "clearline"]
	Line[335276 118110 354331 118110 3937 7874 "clearline"]
	Line[162047 185039 181102 185039 3937 7874 "clearline"]
	Line[248661 185039 267717 185039 3937 7874 "clearline"]
	Line[335276 185039 354331 185039 3937 7874 "clearline"]
	Line[122047 118110 122047 90551 3937 7874 "clearline"]
	Line[122047 185039 122047 157480 3937 7874 "clearline"]
	Line[208661 185039 208661 157480 3937 7874 "clearline"]
	Line[295276 185039 295276 157480 3937 7874 "clearline"]
	Line[208661 118110 208661 90551 3937 7874 "clearline"]
	Line[295276 118110 295276 90551 3937 7874 "clearline"]
	Line[295276 51181 295276 23622 3937 7874 "clearline"]
	Line[208661 51181 208661 23622 3937 7874 "clearline"]
	Line[122047 51181 122047 23622 3937 7874 "clearline"]
	Line[181102 109110 181102 90551 3937 7874 "clearline"]
	Line[267717 109110 267717 90551 3937 7874 "clearline"]
	Line[354331 109110 354331 90551 3937 7874 "clearline"]
	Line[354331 42181 354331 23622 3937 7874 "clearline"]
	Line[267717 41181 267717 23622 3937 7874 "clearline"]
	Line[181102 41181 181102 23622 3937 7874 "clearline"]
	Line[267717 176039 267717 157480 3937 7874 "clearline"]
	Line[181102 176039 181102 157480 3937 7874 "clearline"]
	Line[354331 175039 354331 157480 3937 7874 "clearline"]
	Line[354331 60181 18559 60181 3937 7874 "clearline"]
	Line[11811 200787 11811 251969 3937 7874 "clearline"]
	Line[51181 251969 31496 251969 3937 7874 "clearline"]
	Line[70866 251969 362205 251969 3937 7874 "clearline"]
	Line[362205 251969 374016 240157 3937 7874 "clearline"]
	Line[18559 194039 367268 194039 3937 7874 "clearline"]
	Line[367268 194039 370079 196850 3937 7874 "clearline"]
	Line[370079 196850 370079 212598 3937 7874 "clearline"]
	Line[370079 212598 374016 216535 3937 7874 "clearline"]
	Line[18559 127110 371205 127110 3937 7874 "clearline"]
	Line[371205 127110 374016 129921 3937 7874 "clearline"]
	Line[374016 192913 370079 196850 3937 7874 "clearline"]
	Line[374016 192913 374016 78740 3937 7874 "clearline"]
	Line[374016 78740 355457 60181 3937 7874 "clearline"]
	Text[23622 216535 0 250 "github.com/Owen-Holloway101/InsidePlanetEarth" "clearline"]
)
Layer(2 "ground")
(
)
Layer(3 "signal2")
(
)
Layer(4 "signal3")
(
)
Layer(5 "power")
(
)
Layer(6 "bottom")
(
)
Layer(7 "outline")
(
)
Layer(8 "spare")
(
)
Layer(9 "silk")
(
)
Layer(10 "silk")
(
)
