# release: pcb 20110918

# To read pcb files, the pcb version (or the git source date) must be >= the file version
FileVersion[20070407]

PCB["InsidePlanetEarth" 590551 590551]

Grid[3937.0 0 0 1]
Cursor[149606 173228 0.000000]
PolyArea[3100.006200]
Thermal[0.500000]
DRC[1000 1000 1000 1000 1500 1000]
Flags("nameonpcb,clearnew,snappin")
Groups("1,c:2:3:4:5:6,s:7:8")
Styles["Signal,3937,9449,5512,3937:Power,7874,18898,11024,7874:Fat,4000,6000,3500,1000:Skinny,3937,9449,5512,3937"]

Symbol[' ' 1800]
(
)
Symbol['!' 1200]
(
	SymbolLine[0 4500 0 5000 800]
	SymbolLine[0 1000 0 3500 800]
)
Symbol['"' 1200]
(
	SymbolLine[0 1000 0 2000 800]
	SymbolLine[1000 1000 1000 2000 800]
)
Symbol['#' 1200]
(
	SymbolLine[0 3500 2000 3500 800]
	SymbolLine[0 2500 2000 2500 800]
	SymbolLine[1500 2000 1500 4000 800]
	SymbolLine[500 2000 500 4000 800]
)
Symbol['$' 1200]
(
	SymbolLine[1500 1500 2000 2000 800]
	SymbolLine[500 1500 1500 1500 800]
	SymbolLine[0 2000 500 1500 800]
	SymbolLine[0 2000 0 2500 800]
	SymbolLine[0 2500 500 3000 800]
	SymbolLine[500 3000 1500 3000 800]
	SymbolLine[1500 3000 2000 3500 800]
	SymbolLine[2000 3500 2000 4000 800]
	SymbolLine[1500 4500 2000 4000 800]
	SymbolLine[500 4500 1500 4500 800]
	SymbolLine[0 4000 500 4500 800]
	SymbolLine[1000 1000 1000 5000 800]
)
Symbol['%' 1200]
(
	SymbolLine[0 1500 0 2000 800]
	SymbolLine[0 1500 500 1000 800]
	SymbolLine[500 1000 1000 1000 800]
	SymbolLine[1000 1000 1500 1500 800]
	SymbolLine[1500 1500 1500 2000 800]
	SymbolLine[1000 2500 1500 2000 800]
	SymbolLine[500 2500 1000 2500 800]
	SymbolLine[0 2000 500 2500 800]
	SymbolLine[0 5000 4000 1000 800]
	SymbolLine[3500 5000 4000 4500 800]
	SymbolLine[4000 4000 4000 4500 800]
	SymbolLine[3500 3500 4000 4000 800]
	SymbolLine[3000 3500 3500 3500 800]
	SymbolLine[2500 4000 3000 3500 800]
	SymbolLine[2500 4000 2500 4500 800]
	SymbolLine[2500 4500 3000 5000 800]
	SymbolLine[3000 5000 3500 5000 800]
)
Symbol['&' 1200]
(
	SymbolLine[0 4500 500 5000 800]
	SymbolLine[0 1500 0 2500 800]
	SymbolLine[0 1500 500 1000 800]
	SymbolLine[0 3500 1500 2000 800]
	SymbolLine[500 5000 1000 5000 800]
	SymbolLine[1000 5000 2000 4000 800]
	SymbolLine[0 2500 2500 5000 800]
	SymbolLine[500 1000 1000 1000 800]
	SymbolLine[1000 1000 1500 1500 800]
	SymbolLine[1500 1500 1500 2000 800]
	SymbolLine[0 3500 0 4500 800]
)
Symbol[''' 1200]
(
	SymbolLine[0 2000 1000 1000 800]
)
Symbol['(' 1200]
(
	SymbolLine[0 4500 500 5000 800]
	SymbolLine[0 1500 500 1000 800]
	SymbolLine[0 1500 0 4500 800]
)
Symbol[')' 1200]
(
	SymbolLine[0 1000 500 1500 800]
	SymbolLine[500 1500 500 4500 800]
	SymbolLine[0 5000 500 4500 800]
)
Symbol['*' 1200]
(
	SymbolLine[0 2000 2000 4000 800]
	SymbolLine[0 4000 2000 2000 800]
	SymbolLine[0 3000 2000 3000 800]
	SymbolLine[1000 2000 1000 4000 800]
)
Symbol['+' 1200]
(
	SymbolLine[0 3000 2000 3000 800]
	SymbolLine[1000 2000 1000 4000 800]
)
Symbol[',' 1200]
(
	SymbolLine[0 6000 1000 5000 800]
)
Symbol['-' 1200]
(
	SymbolLine[0 3000 2000 3000 800]
)
Symbol['.' 1200]
(
	SymbolLine[0 5000 500 5000 800]
)
Symbol['/' 1200]
(
	SymbolLine[0 4500 3000 1500 800]
)
Symbol['0' 1200]
(
	SymbolLine[0 4500 500 5000 800]
	SymbolLine[0 1500 0 4500 800]
	SymbolLine[0 1500 500 1000 800]
	SymbolLine[500 1000 1500 1000 800]
	SymbolLine[1500 1000 2000 1500 800]
	SymbolLine[2000 1500 2000 4500 800]
	SymbolLine[1500 5000 2000 4500 800]
	SymbolLine[500 5000 1500 5000 800]
	SymbolLine[0 4000 2000 2000 800]
)
Symbol['1' 1200]
(
	SymbolLine[0 1800 800 1000 800]
	SymbolLine[800 1000 800 5000 800]
	SymbolLine[0 5000 1500 5000 800]
)
Symbol['2' 1200]
(
	SymbolLine[0 1500 500 1000 800]
	SymbolLine[500 1000 2000 1000 800]
	SymbolLine[2000 1000 2500 1500 800]
	SymbolLine[2500 1500 2500 2500 800]
	SymbolLine[0 5000 2500 2500 800]
	SymbolLine[0 5000 2500 5000 800]
)
Symbol['3' 1200]
(
	SymbolLine[0 1500 500 1000 800]
	SymbolLine[500 1000 1500 1000 800]
	SymbolLine[1500 1000 2000 1500 800]
	SymbolLine[1500 5000 2000 4500 800]
	SymbolLine[500 5000 1500 5000 800]
	SymbolLine[0 4500 500 5000 800]
	SymbolLine[500 2800 1500 2800 800]
	SymbolLine[2000 1500 2000 2300 800]
	SymbolLine[2000 3300 2000 4500 800]
	SymbolLine[2000 3300 1500 2800 800]
	SymbolLine[2000 2300 1500 2800 800]
)
Symbol['4' 1200]
(
	SymbolLine[0 3500 2000 1000 800]
	SymbolLine[0 3500 2500 3500 800]
	SymbolLine[2000 1000 2000 5000 800]
)
Symbol['5' 1200]
(
	SymbolLine[0 1000 2000 1000 800]
	SymbolLine[0 1000 0 3000 800]
	SymbolLine[0 3000 500 2500 800]
	SymbolLine[500 2500 1500 2500 800]
	SymbolLine[1500 2500 2000 3000 800]
	SymbolLine[2000 3000 2000 4500 800]
	SymbolLine[1500 5000 2000 4500 800]
	SymbolLine[500 5000 1500 5000 800]
	SymbolLine[0 4500 500 5000 800]
)
Symbol['6' 1200]
(
	SymbolLine[1500 1000 2000 1500 800]
	SymbolLine[500 1000 1500 1000 800]
	SymbolLine[0 1500 500 1000 800]
	SymbolLine[0 1500 0 4500 800]
	SymbolLine[0 4500 500 5000 800]
	SymbolLine[1500 2800 2000 3300 800]
	SymbolLine[0 2800 1500 2800 800]
	SymbolLine[500 5000 1500 5000 800]
	SymbolLine[1500 5000 2000 4500 800]
	SymbolLine[2000 3300 2000 4500 800]
)
Symbol['7' 1200]
(
	SymbolLine[500 5000 2500 1000 800]
	SymbolLine[0 1000 2500 1000 800]
)
Symbol['8' 1200]
(
	SymbolLine[0 4500 500 5000 800]
	SymbolLine[0 3700 0 4500 800]
	SymbolLine[0 3700 700 3000 800]
	SymbolLine[700 3000 1300 3000 800]
	SymbolLine[1300 3000 2000 3700 800]
	SymbolLine[2000 3700 2000 4500 800]
	SymbolLine[1500 5000 2000 4500 800]
	SymbolLine[500 5000 1500 5000 800]
	SymbolLine[0 2300 700 3000 800]
	SymbolLine[0 1500 0 2300 800]
	SymbolLine[0 1500 500 1000 800]
	SymbolLine[500 1000 1500 1000 800]
	SymbolLine[1500 1000 2000 1500 800]
	SymbolLine[2000 1500 2000 2300 800]
	SymbolLine[1300 3000 2000 2300 800]
)
Symbol['9' 1200]
(
	SymbolLine[500 5000 2000 3000 800]
	SymbolLine[2000 1500 2000 3000 800]
	SymbolLine[1500 1000 2000 1500 800]
	SymbolLine[500 1000 1500 1000 800]
	SymbolLine[0 1500 500 1000 800]
	SymbolLine[0 1500 0 2500 800]
	SymbolLine[0 2500 500 3000 800]
	SymbolLine[500 3000 2000 3000 800]
)
Symbol[':' 1200]
(
	SymbolLine[0 2500 500 2500 800]
	SymbolLine[0 3500 500 3500 800]
)
Symbol[';' 1200]
(
	SymbolLine[0 5000 1000 4000 800]
	SymbolLine[1000 2500 1000 3000 800]
)
Symbol['<' 1200]
(
	SymbolLine[0 3000 1000 2000 800]
	SymbolLine[0 3000 1000 4000 800]
)
Symbol['=' 1200]
(
	SymbolLine[0 2500 2000 2500 800]
	SymbolLine[0 3500 2000 3500 800]
)
Symbol['>' 1200]
(
	SymbolLine[0 2000 1000 3000 800]
	SymbolLine[0 4000 1000 3000 800]
)
Symbol['?' 1200]
(
	SymbolLine[1000 3000 1000 3500 800]
	SymbolLine[1000 4500 1000 5000 800]
	SymbolLine[0 1500 0 2000 800]
	SymbolLine[0 1500 500 1000 800]
	SymbolLine[500 1000 1500 1000 800]
	SymbolLine[1500 1000 2000 1500 800]
	SymbolLine[2000 1500 2000 2000 800]
	SymbolLine[1000 3000 2000 2000 800]
)
Symbol['@' 1200]
(
	SymbolLine[0 1000 0 4000 800]
	SymbolLine[0 4000 1000 5000 800]
	SymbolLine[1000 5000 4000 5000 800]
	SymbolLine[5000 3500 5000 1000 800]
	SymbolLine[5000 1000 4000 0 800]
	SymbolLine[4000 0 1000 0 800]
	SymbolLine[1000 0 0 1000 800]
	SymbolLine[1500 2000 1500 3000 800]
	SymbolLine[1500 3000 2000 3500 800]
	SymbolLine[2000 3500 3000 3500 800]
	SymbolLine[3000 3500 3500 3000 800]
	SymbolLine[3500 3000 4000 3500 800]
	SymbolLine[3500 3000 3500 1500 800]
	SymbolLine[3500 2000 3000 1500 800]
	SymbolLine[2000 1500 3000 1500 800]
	SymbolLine[2000 1500 1500 2000 800]
	SymbolLine[4000 3500 5000 3500 800]
)
Symbol['A' 1200]
(
	SymbolLine[0 2000 0 5000 800]
	SymbolLine[0 2000 700 1000 800]
	SymbolLine[700 1000 1800 1000 800]
	SymbolLine[1800 1000 2500 2000 800]
	SymbolLine[2500 2000 2500 5000 800]
	SymbolLine[0 3000 2500 3000 800]
)
Symbol['B' 1200]
(
	SymbolLine[0 5000 2000 5000 800]
	SymbolLine[2000 5000 2500 4500 800]
	SymbolLine[2500 3300 2500 4500 800]
	SymbolLine[2000 2800 2500 3300 800]
	SymbolLine[500 2800 2000 2800 800]
	SymbolLine[500 1000 500 5000 800]
	SymbolLine[0 1000 2000 1000 800]
	SymbolLine[2000 1000 2500 1500 800]
	SymbolLine[2500 1500 2500 2300 800]
	SymbolLine[2000 2800 2500 2300 800]
)
Symbol['C' 1200]
(
	SymbolLine[700 5000 2000 5000 800]
	SymbolLine[0 4300 700 5000 800]
	SymbolLine[0 1700 0 4300 800]
	SymbolLine[0 1700 700 1000 800]
	SymbolLine[700 1000 2000 1000 800]
)
Symbol['D' 1200]
(
	SymbolLine[500 1000 500 5000 800]
	SymbolLine[1800 1000 2500 1700 800]
	SymbolLine[2500 1700 2500 4300 800]
	SymbolLine[1800 5000 2500 4300 800]
	SymbolLine[0 5000 1800 5000 800]
	SymbolLine[0 1000 1800 1000 800]
)
Symbol['E' 1200]
(
	SymbolLine[0 2800 1500 2800 800]
	SymbolLine[0 5000 2000 5000 800]
	SymbolLine[0 1000 0 5000 800]
	SymbolLine[0 1000 2000 1000 800]
)
Symbol['F' 1200]
(
	SymbolLine[0 1000 0 5000 800]
	SymbolLine[0 1000 2000 1000 800]
	SymbolLine[0 2800 1500 2800 800]
)
Symbol['G' 1200]
(
	SymbolLine[2000 1000 2500 1500 800]
	SymbolLine[500 1000 2000 1000 800]
	SymbolLine[0 1500 500 1000 800]
	SymbolLine[0 1500 0 4500 800]
	SymbolLine[0 4500 500 5000 800]
	SymbolLine[500 5000 2000 5000 800]
	SymbolLine[2000 5000 2500 4500 800]
	SymbolLine[2500 3500 2500 4500 800]
	SymbolLine[2000 3000 2500 3500 800]
	SymbolLine[1000 3000 2000 3000 800]
)
Symbol['H' 1200]
(
	SymbolLine[0 1000 0 5000 800]
	SymbolLine[2500 1000 2500 5000 800]
	SymbolLine[0 3000 2500 3000 800]
)
Symbol['I' 1200]
(
	SymbolLine[0 1000 1000 1000 800]
	SymbolLine[500 1000 500 5000 800]
	SymbolLine[0 5000 1000 5000 800]
)
Symbol['J' 1200]
(
	SymbolLine[700 1000 1500 1000 800]
	SymbolLine[1500 1000 1500 4500 800]
	SymbolLine[1000 5000 1500 4500 800]
	SymbolLine[500 5000 1000 5000 800]
	SymbolLine[0 4500 500 5000 800]
	SymbolLine[0 4500 0 4000 800]
)
Symbol['K' 1200]
(
	SymbolLine[0 1000 0 5000 800]
	SymbolLine[0 3000 2000 1000 800]
	SymbolLine[0 3000 2000 5000 800]
)
Symbol['L' 1200]
(
	SymbolLine[0 1000 0 5000 800]
	SymbolLine[0 5000 2000 5000 800]
)
Symbol['M' 1200]
(
	SymbolLine[0 1000 0 5000 800]
	SymbolLine[0 1000 1500 3000 800]
	SymbolLine[1500 3000 3000 1000 800]
	SymbolLine[3000 1000 3000 5000 800]
)
Symbol['N' 1200]
(
	SymbolLine[0 1000 0 5000 800]
	SymbolLine[0 1000 2500 5000 800]
	SymbolLine[2500 1000 2500 5000 800]
)
Symbol['O' 1200]
(
	SymbolLine[0 1500 0 4500 800]
	SymbolLine[0 1500 500 1000 800]
	SymbolLine[500 1000 1500 1000 800]
	SymbolLine[1500 1000 2000 1500 800]
	SymbolLine[2000 1500 2000 4500 800]
	SymbolLine[1500 5000 2000 4500 800]
	SymbolLine[500 5000 1500 5000 800]
	SymbolLine[0 4500 500 5000 800]
)
Symbol['P' 1200]
(
	SymbolLine[500 1000 500 5000 800]
	SymbolLine[0 1000 2000 1000 800]
	SymbolLine[2000 1000 2500 1500 800]
	SymbolLine[2500 1500 2500 2500 800]
	SymbolLine[2000 3000 2500 2500 800]
	SymbolLine[500 3000 2000 3000 800]
)
Symbol['Q' 1200]
(
	SymbolLine[0 1500 0 4500 800]
	SymbolLine[0 1500 500 1000 800]
	SymbolLine[500 1000 1500 1000 800]
	SymbolLine[1500 1000 2000 1500 800]
	SymbolLine[2000 1500 2000 4000 800]
	SymbolLine[1000 5000 2000 4000 800]
	SymbolLine[500 5000 1000 5000 800]
	SymbolLine[0 4500 500 5000 800]
	SymbolLine[1000 3500 2000 5000 800]
)
Symbol['R' 1200]
(
	SymbolLine[0 1000 2000 1000 800]
	SymbolLine[2000 1000 2500 1500 800]
	SymbolLine[2500 1500 2500 2500 800]
	SymbolLine[2000 3000 2500 2500 800]
	SymbolLine[500 3000 2000 3000 800]
	SymbolLine[500 1000 500 5000 800]
	SymbolLine[1300 3000 2500 5000 800]
)
Symbol['S' 1200]
(
	SymbolLine[2000 1000 2500 1500 800]
	SymbolLine[500 1000 2000 1000 800]
	SymbolLine[0 1500 500 1000 800]
	SymbolLine[0 1500 0 2500 800]
	SymbolLine[0 2500 500 3000 800]
	SymbolLine[500 3000 2000 3000 800]
	SymbolLine[2000 3000 2500 3500 800]
	SymbolLine[2500 3500 2500 4500 800]
	SymbolLine[2000 5000 2500 4500 800]
	SymbolLine[500 5000 2000 5000 800]
	SymbolLine[0 4500 500 5000 800]
)
Symbol['T' 1200]
(
	SymbolLine[0 1000 2000 1000 800]
	SymbolLine[1000 1000 1000 5000 800]
)
Symbol['U' 1200]
(
	SymbolLine[0 1000 0 4500 800]
	SymbolLine[0 4500 500 5000 800]
	SymbolLine[500 5000 1500 5000 800]
	SymbolLine[1500 5000 2000 4500 800]
	SymbolLine[2000 1000 2000 4500 800]
)
Symbol['V' 1200]
(
	SymbolLine[0 1000 1000 5000 800]
	SymbolLine[1000 5000 2000 1000 800]
)
Symbol['W' 1200]
(
	SymbolLine[0 1000 0 3000 800]
	SymbolLine[0 3000 500 5000 800]
	SymbolLine[500 5000 1500 3000 800]
	SymbolLine[1500 3000 2500 5000 800]
	SymbolLine[2500 5000 3000 3000 800]
	SymbolLine[3000 3000 3000 1000 800]
)
Symbol['X' 1200]
(
	SymbolLine[0 5000 2500 1000 800]
	SymbolLine[0 1000 2500 5000 800]
)
Symbol['Y' 1200]
(
	SymbolLine[0 1000 1000 3000 800]
	SymbolLine[1000 3000 2000 1000 800]
	SymbolLine[1000 3000 1000 5000 800]
)
Symbol['Z' 1200]
(
	SymbolLine[0 1000 2500 1000 800]
	SymbolLine[0 5000 2500 1000 800]
	SymbolLine[0 5000 2500 5000 800]
)
Symbol['[' 1200]
(
	SymbolLine[0 1000 500 1000 800]
	SymbolLine[0 1000 0 5000 800]
	SymbolLine[0 5000 500 5000 800]
)
Symbol['\' 1200]
(
	SymbolLine[0 1500 3000 4500 800]
)
Symbol[']' 1200]
(
	SymbolLine[0 1000 500 1000 800]
	SymbolLine[500 1000 500 5000 800]
	SymbolLine[0 5000 500 5000 800]
)
Symbol['^' 1200]
(
	SymbolLine[0 1500 500 1000 800]
	SymbolLine[500 1000 1000 1500 800]
)
Symbol['_' 1200]
(
	SymbolLine[0 5000 2000 5000 800]
)
Symbol['a' 1200]
(
	SymbolLine[1500 3000 2000 3500 800]
	SymbolLine[500 3000 1500 3000 800]
	SymbolLine[0 3500 500 3000 800]
	SymbolLine[0 3500 0 4500 800]
	SymbolLine[0 4500 500 5000 800]
	SymbolLine[2000 3000 2000 4500 800]
	SymbolLine[2000 4500 2500 5000 800]
	SymbolLine[500 5000 1500 5000 800]
	SymbolLine[1500 5000 2000 4500 800]
)
Symbol['b' 1200]
(
	SymbolLine[0 1000 0 5000 800]
	SymbolLine[0 4500 500 5000 800]
	SymbolLine[500 5000 1500 5000 800]
	SymbolLine[1500 5000 2000 4500 800]
	SymbolLine[2000 3500 2000 4500 800]
	SymbolLine[1500 3000 2000 3500 800]
	SymbolLine[500 3000 1500 3000 800]
	SymbolLine[0 3500 500 3000 800]
)
Symbol['c' 1200]
(
	SymbolLine[500 3000 2000 3000 800]
	SymbolLine[0 3500 500 3000 800]
	SymbolLine[0 3500 0 4500 800]
	SymbolLine[0 4500 500 5000 800]
	SymbolLine[500 5000 2000 5000 800]
)
Symbol['d' 1200]
(
	SymbolLine[2000 1000 2000 5000 800]
	SymbolLine[1500 5000 2000 4500 800]
	SymbolLine[500 5000 1500 5000 800]
	SymbolLine[0 4500 500 5000 800]
	SymbolLine[0 3500 0 4500 800]
	SymbolLine[0 3500 500 3000 800]
	SymbolLine[500 3000 1500 3000 800]
	SymbolLine[1500 3000 2000 3500 800]
)
Symbol['e' 1200]
(
	SymbolLine[500 5000 2000 5000 800]
	SymbolLine[0 4500 500 5000 800]
	SymbolLine[0 3500 0 4500 800]
	SymbolLine[0 3500 500 3000 800]
	SymbolLine[500 3000 1500 3000 800]
	SymbolLine[1500 3000 2000 3500 800]
	SymbolLine[0 4000 2000 4000 800]
	SymbolLine[2000 4000 2000 3500 800]
)
Symbol['f' 1000]
(
	SymbolLine[500 1500 500 5000 800]
	SymbolLine[500 1500 1000 1000 800]
	SymbolLine[1000 1000 1500 1000 800]
	SymbolLine[0 3000 1000 3000 800]
)
Symbol['g' 1200]
(
	SymbolLine[1500 3000 2000 3500 800]
	SymbolLine[500 3000 1500 3000 800]
	SymbolLine[0 3500 500 3000 800]
	SymbolLine[0 3500 0 4500 800]
	SymbolLine[0 4500 500 5000 800]
	SymbolLine[500 5000 1500 5000 800]
	SymbolLine[1500 5000 2000 4500 800]
	SymbolLine[0 6000 500 6500 800]
	SymbolLine[500 6500 1500 6500 800]
	SymbolLine[1500 6500 2000 6000 800]
	SymbolLine[2000 3000 2000 6000 800]
)
Symbol['h' 1200]
(
	SymbolLine[0 1000 0 5000 800]
	SymbolLine[0 3500 500 3000 800]
	SymbolLine[500 3000 1500 3000 800]
	SymbolLine[1500 3000 2000 3500 800]
	SymbolLine[2000 3500 2000 5000 800]
)
Symbol['i' 1000]
(
	SymbolLine[0 2000 0 2100 1000]
	SymbolLine[0 3500 0 5000 800]
)
Symbol['j' 1000]
(
	SymbolLine[500 2000 500 2100 1000]
	SymbolLine[500 3500 500 6000 800]
	SymbolLine[0 6500 500 6000 800]
)
Symbol['k' 1200]
(
	SymbolLine[0 1000 0 5000 800]
	SymbolLine[0 3500 1500 5000 800]
	SymbolLine[0 3500 1000 2500 800]
)
Symbol['l' 1000]
(
	SymbolLine[0 1000 0 4500 800]
	SymbolLine[0 4500 500 5000 800]
)
Symbol['m' 1200]
(
	SymbolLine[500 3500 500 5000 800]
	SymbolLine[500 3500 1000 3000 800]
	SymbolLine[1000 3000 1500 3000 800]
	SymbolLine[1500 3000 2000 3500 800]
	SymbolLine[2000 3500 2000 5000 800]
	SymbolLine[2000 3500 2500 3000 800]
	SymbolLine[2500 3000 3000 3000 800]
	SymbolLine[3000 3000 3500 3500 800]
	SymbolLine[3500 3500 3500 5000 800]
	SymbolLine[0 3000 500 3500 800]
)
Symbol['n' 1200]
(
	SymbolLine[500 3500 500 5000 800]
	SymbolLine[500 3500 1000 3000 800]
	SymbolLine[1000 3000 1500 3000 800]
	SymbolLine[1500 3000 2000 3500 800]
	SymbolLine[2000 3500 2000 5000 800]
	SymbolLine[0 3000 500 3500 800]
)
Symbol['o' 1200]
(
	SymbolLine[0 3500 0 4500 800]
	SymbolLine[0 3500 500 3000 800]
	SymbolLine[500 3000 1500 3000 800]
	SymbolLine[1500 3000 2000 3500 800]
	SymbolLine[2000 3500 2000 4500 800]
	SymbolLine[1500 5000 2000 4500 800]
	SymbolLine[500 5000 1500 5000 800]
	SymbolLine[0 4500 500 5000 800]
)
Symbol['p' 1200]
(
	SymbolLine[500 3500 500 6500 800]
	SymbolLine[0 3000 500 3500 800]
	SymbolLine[500 3500 1000 3000 800]
	SymbolLine[1000 3000 2000 3000 800]
	SymbolLine[2000 3000 2500 3500 800]
	SymbolLine[2500 3500 2500 4500 800]
	SymbolLine[2000 5000 2500 4500 800]
	SymbolLine[1000 5000 2000 5000 800]
	SymbolLine[500 4500 1000 5000 800]
)
Symbol['q' 1200]
(
	SymbolLine[2000 3500 2000 6500 800]
	SymbolLine[1500 3000 2000 3500 800]
	SymbolLine[500 3000 1500 3000 800]
	SymbolLine[0 3500 500 3000 800]
	SymbolLine[0 3500 0 4500 800]
	SymbolLine[0 4500 500 5000 800]
	SymbolLine[500 5000 1500 5000 800]
	SymbolLine[1500 5000 2000 4500 800]
)
Symbol['r' 1200]
(
	SymbolLine[500 3500 500 5000 800]
	SymbolLine[500 3500 1000 3000 800]
	SymbolLine[1000 3000 2000 3000 800]
	SymbolLine[0 3000 500 3500 800]
)
Symbol['s' 1200]
(
	SymbolLine[500 5000 2000 5000 800]
	SymbolLine[2000 5000 2500 4500 800]
	SymbolLine[2000 4000 2500 4500 800]
	SymbolLine[500 4000 2000 4000 800]
	SymbolLine[0 3500 500 4000 800]
	SymbolLine[0 3500 500 3000 800]
	SymbolLine[500 3000 2000 3000 800]
	SymbolLine[2000 3000 2500 3500 800]
	SymbolLine[0 4500 500 5000 800]
)
Symbol['t' 1000]
(
	SymbolLine[500 1000 500 4500 800]
	SymbolLine[500 4500 1000 5000 800]
	SymbolLine[0 2500 1000 2500 800]
)
Symbol['u' 1200]
(
	SymbolLine[0 3000 0 4500 800]
	SymbolLine[0 4500 500 5000 800]
	SymbolLine[500 5000 1500 5000 800]
	SymbolLine[1500 5000 2000 4500 800]
	SymbolLine[2000 3000 2000 4500 800]
)
Symbol['v' 1200]
(
	SymbolLine[0 3000 1000 5000 800]
	SymbolLine[2000 3000 1000 5000 800]
)
Symbol['w' 1200]
(
	SymbolLine[0 3000 0 4500 800]
	SymbolLine[0 4500 500 5000 800]
	SymbolLine[500 5000 1000 5000 800]
	SymbolLine[1000 5000 1500 4500 800]
	SymbolLine[1500 3000 1500 4500 800]
	SymbolLine[1500 4500 2000 5000 800]
	SymbolLine[2000 5000 2500 5000 800]
	SymbolLine[2500 5000 3000 4500 800]
	SymbolLine[3000 3000 3000 4500 800]
)
Symbol['x' 1200]
(
	SymbolLine[0 3000 2000 5000 800]
	SymbolLine[0 5000 2000 3000 800]
)
Symbol['y' 1200]
(
	SymbolLine[0 3000 0 4500 800]
	SymbolLine[0 4500 500 5000 800]
	SymbolLine[2000 3000 2000 6000 800]
	SymbolLine[1500 6500 2000 6000 800]
	SymbolLine[500 6500 1500 6500 800]
	SymbolLine[0 6000 500 6500 800]
	SymbolLine[500 5000 1500 5000 800]
	SymbolLine[1500 5000 2000 4500 800]
)
Symbol['z' 1200]
(
	SymbolLine[0 3000 2000 3000 800]
	SymbolLine[0 5000 2000 3000 800]
	SymbolLine[0 5000 2000 5000 800]
)
Symbol['{' 1200]
(
	SymbolLine[500 1500 1000 1000 800]
	SymbolLine[500 1500 500 2500 800]
	SymbolLine[0 3000 500 2500 800]
	SymbolLine[0 3000 500 3500 800]
	SymbolLine[500 3500 500 4500 800]
	SymbolLine[500 4500 1000 5000 800]
)
Symbol['|' 1200]
(
	SymbolLine[0 1000 0 5000 800]
)
Symbol['}' 1200]
(
	SymbolLine[0 1000 500 1500 800]
	SymbolLine[500 1500 500 2500 800]
	SymbolLine[500 2500 1000 3000 800]
	SymbolLine[500 3500 1000 3000 800]
	SymbolLine[500 3500 500 4500 800]
	SymbolLine[0 5000 500 4500 800]
)
Symbol['~' 1200]
(
	SymbolLine[0 3500 500 3000 800]
	SymbolLine[500 3000 1000 3000 800]
	SymbolLine[1000 3000 1500 3500 800]
	SymbolLine[1500 3500 2000 3500 800]
	SymbolLine[2000 3500 2500 3000 800]
)
Attribute("PCB::grid::unit" "mm")
Via[19685 413386 18898 15748 0 11024 "" ""]
Via[19685 437008 18898 15748 0 11024 "" ""]
Via[74803 413386 18898 15748 0 11024 "" ""]
Via[110236 413386 18898 15748 0 11024 "" ""]
Via[106299 212598 18898 15748 0 11024 "" ""]
Via[70866 212598 18898 15748 0 11024 "" ""]
Via[15748 236220 18898 15748 0 11024 "" ""]
Via[15748 212598 18898 15748 0 11024 "" ""]
Via[106299 11811 18898 15748 0 11024 "" ""]
Via[70866 11811 18898 15748 0 11024 "" ""]
Via[15748 35433 18898 15748 0 11024 "" ""]
Via[15748 11811 18898 15748 0 11024 "" ""]

Element["" "connector 2x3 pins" "" "6" 145669 440945 -5000 -21000 0 100 ""]
(
	Pin[0 0 6000 3000 6600 3800 "1" "1" "square,edge2"]
	Pin[0 -10000 6000 3000 6600 3800 "2" "2" "edge2"]
	Pin[10000 0 6000 3000 6600 3800 "3" "3" "edge2"]
	Pin[10000 -10000 6000 3000 6600 3800 "4" "4" "edge2"]
	Pin[20000 0 6000 3000 6600 3800 "5" "5" "edge2"]
	Pin[20000 -10000 6000 3000 6600 3800 "6" "6" "edge2"]
	ElementLine [-5000 5000 25000 5000 1000]
	ElementLine [25000 -15000 25000 5000 1000]
	ElementLine [-5000 -15000 25000 -15000 1000]
	ElementLine [-5000 -15000 -5000 5000 1000]
	ElementLine [5000 -5000 5000 5000 1000]
	ElementLine [-5000 -5000 5000 -5000 1000]

	)

Element["" "connector 2x3 pins" "" "6" 358268 440945 -5000 -21000 0 100 ""]
(
	Pin[0 0 6000 3000 6600 3800 "1" "1" "square,edge2"]
	Pin[0 -10000 6000 3000 6600 3800 "2" "2" "edge2"]
	Pin[10000 0 6000 3000 6600 3800 "3" "3" "edge2"]
	Pin[10000 -10000 6000 3000 6600 3800 "4" "4" "edge2"]
	Pin[20000 0 6000 3000 6600 3800 "5" "5" "edge2"]
	Pin[20000 -10000 6000 3000 6600 3800 "6" "6" "edge2"]
	ElementLine [-5000 5000 25000 5000 1000]
	ElementLine [25000 -15000 25000 5000 1000]
	ElementLine [-5000 -15000 25000 -15000 1000]
	ElementLine [-5000 -15000 -5000 5000 1000]
	ElementLine [5000 -5000 5000 5000 1000]
	ElementLine [-5000 -5000 5000 -5000 1000]

	)

Element["" "Transistor" "" "TO126W" 145669 491315 7000 4000 1 100 ""]
(
	Pin[0 -1000 8000 3000 8600 5200 "1" "1" "square"]
	Pin[0 -10000 8000 3000 8600 5200 "2" "2" ""]
	Pin[0 -19000 8000 3000 8600 5200 "3" "3" ""]
	ElementLine [-5000 -25000 -5000 5000 2000]
	ElementLine [-5000 -25000 5000 -25000 2000]
	ElementLine [5000 -25000 5000 5000 2000]
	ElementLine [-5000 5000 5000 5000 2000]

	)

Element["" "Transistor" "" "TO126W" 181102 490315 7000 4000 1 100 ""]
(
	Pin[0 -1000 8000 3000 8600 5200 "1" "1" "square"]
	Pin[0 -10000 8000 3000 8600 5200 "2" "2" ""]
	Pin[0 -19000 8000 3000 8600 5200 "3" "3" ""]
	ElementLine [-5000 -25000 -5000 5000 2000]
	ElementLine [-5000 -25000 5000 -25000 2000]
	ElementLine [5000 -25000 5000 5000 2000]
	ElementLine [-5000 5000 5000 5000 2000]

	)

Element["" "Transistor" "" "TO126W" 429134 488189 7000 4000 1 100 ""]
(
	Pin[0 -1000 8000 3000 8600 5200 "1" "1" "square"]
	Pin[0 -10000 8000 3000 8600 5200 "2" "2" ""]
	Pin[0 -19000 8000 3000 8600 5200 "3" "3" ""]
	ElementLine [-5000 -25000 -5000 5000 2000]
	ElementLine [-5000 -25000 5000 -25000 2000]
	ElementLine [5000 -25000 5000 5000 2000]
	ElementLine [-5000 5000 5000 5000 2000]

	)

Element["" "Transistor" "" "TO126W" 216535 490189 7000 4000 1 100 ""]
(
	Pin[0 -1000 8000 3000 8600 5200 "1" "1" "square"]
	Pin[0 -10000 8000 3000 8600 5200 "2" "2" ""]
	Pin[0 -19000 8000 3000 8600 5200 "3" "3" ""]
	ElementLine [-5000 -25000 -5000 5000 2000]
	ElementLine [-5000 -25000 5000 -25000 2000]
	ElementLine [5000 -25000 5000 5000 2000]
	ElementLine [-5000 5000 5000 5000 2000]

	)

Element["" "Transistor" "" "TO126W" 393701 489189 7000 4000 1 100 ""]
(
	Pin[0 -1000 8000 3000 8600 5200 "1" "1" "square"]
	Pin[0 -10000 8000 3000 8600 5200 "2" "2" ""]
	Pin[0 -19000 8000 3000 8600 5200 "3" "3" ""]
	ElementLine [-5000 -25000 -5000 5000 2000]
	ElementLine [-5000 -25000 5000 -25000 2000]
	ElementLine [5000 -25000 5000 5000 2000]
	ElementLine [-5000 5000 5000 5000 2000]

	)

Element["" "Transistor" "" "TO126W" 251969 488189 7000 4000 1 100 ""]
(
	Pin[0 -1000 8000 3000 8600 5200 "1" "1" "square"]
	Pin[0 -10000 8000 3000 8600 5200 "2" "2" ""]
	Pin[0 -19000 8000 3000 8600 5200 "3" "3" ""]
	ElementLine [-5000 -25000 -5000 5000 2000]
	ElementLine [-5000 -25000 5000 -25000 2000]
	ElementLine [5000 -25000 5000 5000 2000]
	ElementLine [-5000 5000 5000 5000 2000]

	)

Element["" "Transistor" "" "TO126W" 358268 489189 7000 4000 1 100 ""]
(
	Pin[0 -1000 8000 3000 8600 5200 "1" "1" "square"]
	Pin[0 -10000 8000 3000 8600 5200 "2" "2" ""]
	Pin[0 -19000 8000 3000 8600 5200 "3" "3" ""]
	ElementLine [-5000 -25000 -5000 5000 2000]
	ElementLine [-5000 -25000 5000 -25000 2000]
	ElementLine [5000 -25000 5000 5000 2000]
	ElementLine [-5000 5000 5000 5000 2000]

	)

Element["" "Transistor" "" "TO126W" 287402 489189 7000 4000 1 100 ""]
(
	Pin[0 -1000 8000 3000 8600 5200 "1" "1" "square"]
	Pin[0 -10000 8000 3000 8600 5200 "2" "2" ""]
	Pin[0 -19000 8000 3000 8600 5200 "3" "3" ""]
	ElementLine [-5000 -25000 -5000 5000 2000]
	ElementLine [-5000 -25000 5000 -25000 2000]
	ElementLine [5000 -25000 5000 5000 2000]
	ElementLine [-5000 5000 5000 5000 2000]

	)

Element["" "Transistor" "" "TO126W" 322835 489189 7000 4000 1 100 ""]
(
	Pin[0 -1000 8000 3000 8600 5200 "1" "1" "square"]
	Pin[0 -10000 8000 3000 8600 5200 "2" "2" ""]
	Pin[0 -19000 8000 3000 8600 5200 "3" "3" ""]
	ElementLine [-5000 -25000 -5000 5000 2000]
	ElementLine [-5000 -25000 5000 -25000 2000]
	ElementLine [5000 -25000 5000 5000 2000]
	ElementLine [-5000 5000 5000 5000 2000]

	)

Element["" "connector 2x3 pins" "" "6" 251969 440945 -5000 -21000 0 100 ""]
(
	Pin[0 0 6000 3000 6600 3800 "1" "1" "square,edge2"]
	Pin[0 -10000 6000 3000 6600 3800 "2" "2" "edge2"]
	Pin[10000 0 6000 3000 6600 3800 "3" "3" "edge2"]
	Pin[10000 -10000 6000 3000 6600 3800 "4" "4" "edge2"]
	Pin[20000 0 6000 3000 6600 3800 "5" "5" "edge2"]
	Pin[20000 -10000 6000 3000 6600 3800 "6" "6" "edge2"]
	ElementLine [-5000 5000 25000 5000 1000]
	ElementLine [25000 -15000 25000 5000 1000]
	ElementLine [-5000 -15000 25000 -15000 1000]
	ElementLine [-5000 -15000 -5000 5000 1000]
	ElementLine [5000 -5000 5000 5000 1000]
	ElementLine [-5000 -5000 5000 -5000 1000]

	)

Element["" "connector 2x3 pins" "" "6" 464567 439945 -5000 -21000 0 100 ""]
(
	Pin[0 0 6000 3000 6600 3800 "1" "1" "square,edge2"]
	Pin[0 -10000 6000 3000 6600 3800 "2" "2" "edge2"]
	Pin[10000 0 6000 3000 6600 3800 "3" "3" "edge2"]
	Pin[10000 -10000 6000 3000 6600 3800 "4" "4" "edge2"]
	Pin[20000 0 6000 3000 6600 3800 "5" "5" "edge2"]
	Pin[20000 -10000 6000 3000 6600 3800 "6" "6" "edge2"]
	ElementLine [-5000 5000 25000 5000 1000]
	ElementLine [25000 -15000 25000 5000 1000]
	ElementLine [-5000 -15000 25000 -15000 1000]
	ElementLine [-5000 -15000 -5000 5000 1000]
	ElementLine [5000 -5000 5000 5000 1000]
	ElementLine [-5000 -5000 5000 -5000 1000]

	)

Element["" "Transistor" "" "TO126W" 535433 487189 7000 4000 1 100 ""]
(
	Pin[0 -1000 8000 3000 8600 5200 "1" "1" "square"]
	Pin[0 -10000 8000 3000 8600 5200 "2" "2" ""]
	Pin[0 -19000 8000 3000 8600 5200 "3" "3" ""]
	ElementLine [-5000 -25000 -5000 5000 2000]
	ElementLine [-5000 -25000 5000 -25000 2000]
	ElementLine [5000 -25000 5000 5000 2000]
	ElementLine [-5000 5000 5000 5000 2000]

	)

Element["" "Transistor" "" "TO126W" 500000 488189 7000 4000 1 100 ""]
(
	Pin[0 -1000 8000 3000 8600 5200 "1" "1" "square"]
	Pin[0 -10000 8000 3000 8600 5200 "2" "2" ""]
	Pin[0 -19000 8000 3000 8600 5200 "3" "3" ""]
	ElementLine [-5000 -25000 -5000 5000 2000]
	ElementLine [-5000 -25000 5000 -25000 2000]
	ElementLine [5000 -25000 5000 5000 2000]
	ElementLine [-5000 5000 5000 5000 2000]

	)

Element["" "Transistor" "" "TO126W" 464567 488189 7000 4000 1 100 ""]
(
	Pin[0 -1000 8000 3000 8600 5200 "1" "1" "square"]
	Pin[0 -10000 8000 3000 8600 5200 "2" "2" ""]
	Pin[0 -19000 8000 3000 8600 5200 "3" "3" ""]
	ElementLine [-5000 -25000 -5000 5000 2000]
	ElementLine [-5000 -25000 5000 -25000 2000]
	ElementLine [5000 -25000 5000 5000 2000]
	ElementLine [-5000 5000 5000 5000 2000]

	)

Element["" "Transistor" "" "TO126W" 460630 287402 7000 4000 1 100 ""]
(
	Pin[0 -1000 8000 3000 8600 5200 "1" "1" "square"]
	Pin[0 -10000 8000 3000 8600 5200 "2" "2" ""]
	Pin[0 -19000 8000 3000 8600 5200 "3" "3" ""]
	ElementLine [-5000 -25000 -5000 5000 2000]
	ElementLine [-5000 -25000 5000 -25000 2000]
	ElementLine [5000 -25000 5000 5000 2000]
	ElementLine [-5000 5000 5000 5000 2000]

	)

Element["" "Transistor" "" "TO126W" 496063 287402 7000 4000 1 100 ""]
(
	Pin[0 -1000 8000 3000 8600 5200 "1" "1" "square"]
	Pin[0 -10000 8000 3000 8600 5200 "2" "2" ""]
	Pin[0 -19000 8000 3000 8600 5200 "3" "3" ""]
	ElementLine [-5000 -25000 -5000 5000 2000]
	ElementLine [-5000 -25000 5000 -25000 2000]
	ElementLine [5000 -25000 5000 5000 2000]
	ElementLine [-5000 5000 5000 5000 2000]

	)

Element["" "Transistor" "" "TO126W" 531496 286402 7000 4000 1 100 ""]
(
	Pin[0 -1000 8000 3000 8600 5200 "1" "1" "square"]
	Pin[0 -10000 8000 3000 8600 5200 "2" "2" ""]
	Pin[0 -19000 8000 3000 8600 5200 "3" "3" ""]
	ElementLine [-5000 -25000 -5000 5000 2000]
	ElementLine [-5000 -25000 5000 -25000 2000]
	ElementLine [5000 -25000 5000 5000 2000]
	ElementLine [-5000 5000 5000 5000 2000]

	)

Element["" "connector 2x3 pins" "" "6" 460630 239157 -5000 -21000 0 100 ""]
(
	Pin[0 0 6000 3000 6600 3800 "1" "1" "square,edge2"]
	Pin[0 -10000 6000 3000 6600 3800 "2" "2" "edge2"]
	Pin[10000 0 6000 3000 6600 3800 "3" "3" "edge2"]
	Pin[10000 -10000 6000 3000 6600 3800 "4" "4" "edge2"]
	Pin[20000 0 6000 3000 6600 3800 "5" "5" "edge2"]
	Pin[20000 -10000 6000 3000 6600 3800 "6" "6" "edge2"]
	ElementLine [-5000 5000 25000 5000 1000]
	ElementLine [25000 -15000 25000 5000 1000]
	ElementLine [-5000 -15000 25000 -15000 1000]
	ElementLine [-5000 -15000 -5000 5000 1000]
	ElementLine [5000 -5000 5000 5000 1000]
	ElementLine [-5000 -5000 5000 -5000 1000]

	)

Element["" "connector 2x3 pins" "" "6" 248031 240157 -5000 -21000 0 100 ""]
(
	Pin[0 0 6000 3000 6600 3800 "1" "1" "square,edge2"]
	Pin[0 -10000 6000 3000 6600 3800 "2" "2" "edge2"]
	Pin[10000 0 6000 3000 6600 3800 "3" "3" "edge2"]
	Pin[10000 -10000 6000 3000 6600 3800 "4" "4" "edge2"]
	Pin[20000 0 6000 3000 6600 3800 "5" "5" "edge2"]
	Pin[20000 -10000 6000 3000 6600 3800 "6" "6" "edge2"]
	ElementLine [-5000 5000 25000 5000 1000]
	ElementLine [25000 -15000 25000 5000 1000]
	ElementLine [-5000 -15000 25000 -15000 1000]
	ElementLine [-5000 -15000 -5000 5000 1000]
	ElementLine [5000 -5000 5000 5000 1000]
	ElementLine [-5000 -5000 5000 -5000 1000]

	)

Element["" "Transistor" "" "TO126W" 318898 288402 7000 4000 1 100 ""]
(
	Pin[0 -1000 8000 3000 8600 5200 "1" "1" "square"]
	Pin[0 -10000 8000 3000 8600 5200 "2" "2" ""]
	Pin[0 -19000 8000 3000 8600 5200 "3" "3" ""]
	ElementLine [-5000 -25000 -5000 5000 2000]
	ElementLine [-5000 -25000 5000 -25000 2000]
	ElementLine [5000 -25000 5000 5000 2000]
	ElementLine [-5000 5000 5000 5000 2000]

	)

Element["" "Transistor" "" "TO126W" 283465 288402 7000 4000 1 100 ""]
(
	Pin[0 -1000 8000 3000 8600 5200 "1" "1" "square"]
	Pin[0 -10000 8000 3000 8600 5200 "2" "2" ""]
	Pin[0 -19000 8000 3000 8600 5200 "3" "3" ""]
	ElementLine [-5000 -25000 -5000 5000 2000]
	ElementLine [-5000 -25000 5000 -25000 2000]
	ElementLine [5000 -25000 5000 5000 2000]
	ElementLine [-5000 5000 5000 5000 2000]

	)

Element["" "Transistor" "" "TO126W" 354331 288402 7000 4000 1 100 ""]
(
	Pin[0 -1000 8000 3000 8600 5200 "1" "1" "square"]
	Pin[0 -10000 8000 3000 8600 5200 "2" "2" ""]
	Pin[0 -19000 8000 3000 8600 5200 "3" "3" ""]
	ElementLine [-5000 -25000 -5000 5000 2000]
	ElementLine [-5000 -25000 5000 -25000 2000]
	ElementLine [5000 -25000 5000 5000 2000]
	ElementLine [-5000 5000 5000 5000 2000]

	)

Element["" "Transistor" "" "TO126W" 248031 287402 7000 4000 1 100 ""]
(
	Pin[0 -1000 8000 3000 8600 5200 "1" "1" "square"]
	Pin[0 -10000 8000 3000 8600 5200 "2" "2" ""]
	Pin[0 -19000 8000 3000 8600 5200 "3" "3" ""]
	ElementLine [-5000 -25000 -5000 5000 2000]
	ElementLine [-5000 -25000 5000 -25000 2000]
	ElementLine [5000 -25000 5000 5000 2000]
	ElementLine [-5000 5000 5000 5000 2000]

	)

Element["" "Transistor" "" "TO126W" 389764 288402 7000 4000 1 100 ""]
(
	Pin[0 -1000 8000 3000 8600 5200 "1" "1" "square"]
	Pin[0 -10000 8000 3000 8600 5200 "2" "2" ""]
	Pin[0 -19000 8000 3000 8600 5200 "3" "3" ""]
	ElementLine [-5000 -25000 -5000 5000 2000]
	ElementLine [-5000 -25000 5000 -25000 2000]
	ElementLine [5000 -25000 5000 5000 2000]
	ElementLine [-5000 5000 5000 5000 2000]

	)

Element["" "Transistor" "" "TO126W" 212598 289402 7000 4000 1 100 ""]
(
	Pin[0 -1000 8000 3000 8600 5200 "1" "1" "square"]
	Pin[0 -10000 8000 3000 8600 5200 "2" "2" ""]
	Pin[0 -19000 8000 3000 8600 5200 "3" "3" ""]
	ElementLine [-5000 -25000 -5000 5000 2000]
	ElementLine [-5000 -25000 5000 -25000 2000]
	ElementLine [5000 -25000 5000 5000 2000]
	ElementLine [-5000 5000 5000 5000 2000]

	)

Element["" "Transistor" "" "TO126W" 425197 287402 7000 4000 1 100 ""]
(
	Pin[0 -1000 8000 3000 8600 5200 "1" "1" "square"]
	Pin[0 -10000 8000 3000 8600 5200 "2" "2" ""]
	Pin[0 -19000 8000 3000 8600 5200 "3" "3" ""]
	ElementLine [-5000 -25000 -5000 5000 2000]
	ElementLine [-5000 -25000 5000 -25000 2000]
	ElementLine [5000 -25000 5000 5000 2000]
	ElementLine [-5000 5000 5000 5000 2000]

	)

Element["" "Transistor" "" "TO126W" 177165 289528 7000 4000 1 100 ""]
(
	Pin[0 -1000 8000 3000 8600 5200 "1" "1" "square"]
	Pin[0 -10000 8000 3000 8600 5200 "2" "2" ""]
	Pin[0 -19000 8000 3000 8600 5200 "3" "3" ""]
	ElementLine [-5000 -25000 -5000 5000 2000]
	ElementLine [-5000 -25000 5000 -25000 2000]
	ElementLine [5000 -25000 5000 5000 2000]
	ElementLine [-5000 5000 5000 5000 2000]

	)

Element["" "Transistor" "" "TO126W" 141732 290528 7000 4000 1 100 ""]
(
	Pin[0 -1000 8000 3000 8600 5200 "1" "1" "square"]
	Pin[0 -10000 8000 3000 8600 5200 "2" "2" ""]
	Pin[0 -19000 8000 3000 8600 5200 "3" "3" ""]
	ElementLine [-5000 -25000 -5000 5000 2000]
	ElementLine [-5000 -25000 5000 -25000 2000]
	ElementLine [5000 -25000 5000 5000 2000]
	ElementLine [-5000 5000 5000 5000 2000]

	)

Element["" "connector 2x3 pins" "" "6" 354331 240157 -5000 -21000 0 100 ""]
(
	Pin[0 0 6000 3000 6600 3800 "1" "1" "square,edge2"]
	Pin[0 -10000 6000 3000 6600 3800 "2" "2" "edge2"]
	Pin[10000 0 6000 3000 6600 3800 "3" "3" "edge2"]
	Pin[10000 -10000 6000 3000 6600 3800 "4" "4" "edge2"]
	Pin[20000 0 6000 3000 6600 3800 "5" "5" "edge2"]
	Pin[20000 -10000 6000 3000 6600 3800 "6" "6" "edge2"]
	ElementLine [-5000 5000 25000 5000 1000]
	ElementLine [25000 -15000 25000 5000 1000]
	ElementLine [-5000 -15000 25000 -15000 1000]
	ElementLine [-5000 -15000 -5000 5000 1000]
	ElementLine [5000 -5000 5000 5000 1000]
	ElementLine [-5000 -5000 5000 -5000 1000]

	)

Element["" "connector 2x3 pins" "" "6" 141732 240157 -5000 -21000 0 100 ""]
(
	Pin[0 0 6000 3000 6600 3800 "1" "1" "square,edge2"]
	Pin[0 -10000 6000 3000 6600 3800 "2" "2" "edge2"]
	Pin[10000 0 6000 3000 6600 3800 "3" "3" "edge2"]
	Pin[10000 -10000 6000 3000 6600 3800 "4" "4" "edge2"]
	Pin[20000 0 6000 3000 6600 3800 "5" "5" "edge2"]
	Pin[20000 -10000 6000 3000 6600 3800 "6" "6" "edge2"]
	ElementLine [-5000 5000 25000 5000 1000]
	ElementLine [25000 -15000 25000 5000 1000]
	ElementLine [-5000 -15000 25000 -15000 1000]
	ElementLine [-5000 -15000 -5000 5000 1000]
	ElementLine [5000 -5000 5000 5000 1000]
	ElementLine [-5000 -5000 5000 -5000 1000]

	)

Element["" "Transistor" "" "TO126W" 460630 86614 7000 4000 1 100 ""]
(
	Pin[0 -1000 8000 3000 8600 5200 "1" "1" "square"]
	Pin[0 -10000 8000 3000 8600 5200 "2" "2" ""]
	Pin[0 -19000 8000 3000 8600 5200 "3" "3" ""]
	ElementLine [-5000 -25000 -5000 5000 2000]
	ElementLine [-5000 -25000 5000 -25000 2000]
	ElementLine [5000 -25000 5000 5000 2000]
	ElementLine [-5000 5000 5000 5000 2000]

	)

Element["" "Transistor" "" "TO126W" 496063 86614 7000 4000 1 100 ""]
(
	Pin[0 -1000 8000 3000 8600 5200 "1" "1" "square"]
	Pin[0 -10000 8000 3000 8600 5200 "2" "2" ""]
	Pin[0 -19000 8000 3000 8600 5200 "3" "3" ""]
	ElementLine [-5000 -25000 -5000 5000 2000]
	ElementLine [-5000 -25000 5000 -25000 2000]
	ElementLine [5000 -25000 5000 5000 2000]
	ElementLine [-5000 5000 5000 5000 2000]

	)

Element["" "Transistor" "" "TO126W" 531496 85614 7000 4000 1 100 ""]
(
	Pin[0 -1000 8000 3000 8600 5200 "1" "1" "square"]
	Pin[0 -10000 8000 3000 8600 5200 "2" "2" ""]
	Pin[0 -19000 8000 3000 8600 5200 "3" "3" ""]
	ElementLine [-5000 -25000 -5000 5000 2000]
	ElementLine [-5000 -25000 5000 -25000 2000]
	ElementLine [5000 -25000 5000 5000 2000]
	ElementLine [-5000 5000 5000 5000 2000]

	)

Element["" "connector 2x3 pins" "" "6" 460630 38370 -5000 -21000 0 100 ""]
(
	Pin[0 0 6000 3000 6600 3800 "1" "1" "square,edge2"]
	Pin[0 -10000 6000 3000 6600 3800 "2" "2" "edge2"]
	Pin[10000 0 6000 3000 6600 3800 "3" "3" "edge2"]
	Pin[10000 -10000 6000 3000 6600 3800 "4" "4" "edge2"]
	Pin[20000 0 6000 3000 6600 3800 "5" "5" "edge2"]
	Pin[20000 -10000 6000 3000 6600 3800 "6" "6" "edge2"]
	ElementLine [-5000 5000 25000 5000 1000]
	ElementLine [25000 -15000 25000 5000 1000]
	ElementLine [-5000 -15000 25000 -15000 1000]
	ElementLine [-5000 -15000 -5000 5000 1000]
	ElementLine [5000 -5000 5000 5000 1000]
	ElementLine [-5000 -5000 5000 -5000 1000]

	)

Element["" "connector 2x3 pins" "" "6" 248031 39370 -5000 -21000 0 100 ""]
(
	Pin[0 0 6000 3000 6600 3800 "1" "1" "square,edge2"]
	Pin[0 -10000 6000 3000 6600 3800 "2" "2" "edge2"]
	Pin[10000 0 6000 3000 6600 3800 "3" "3" "edge2"]
	Pin[10000 -10000 6000 3000 6600 3800 "4" "4" "edge2"]
	Pin[20000 0 6000 3000 6600 3800 "5" "5" "edge2"]
	Pin[20000 -10000 6000 3000 6600 3800 "6" "6" "edge2"]
	ElementLine [-5000 5000 25000 5000 1000]
	ElementLine [25000 -15000 25000 5000 1000]
	ElementLine [-5000 -15000 25000 -15000 1000]
	ElementLine [-5000 -15000 -5000 5000 1000]
	ElementLine [5000 -5000 5000 5000 1000]
	ElementLine [-5000 -5000 5000 -5000 1000]

	)

Element["" "Transistor" "" "TO126W" 318898 87614 7000 4000 1 100 ""]
(
	Pin[0 -1000 8000 3000 8600 5200 "1" "1" "square"]
	Pin[0 -10000 8000 3000 8600 5200 "2" "2" ""]
	Pin[0 -19000 8000 3000 8600 5200 "3" "3" ""]
	ElementLine [-5000 -25000 -5000 5000 2000]
	ElementLine [-5000 -25000 5000 -25000 2000]
	ElementLine [5000 -25000 5000 5000 2000]
	ElementLine [-5000 5000 5000 5000 2000]

	)

Element["" "Transistor" "" "TO126W" 283465 87614 7000 4000 1 100 ""]
(
	Pin[0 -1000 8000 3000 8600 5200 "1" "1" "square"]
	Pin[0 -10000 8000 3000 8600 5200 "2" "2" ""]
	Pin[0 -19000 8000 3000 8600 5200 "3" "3" ""]
	ElementLine [-5000 -25000 -5000 5000 2000]
	ElementLine [-5000 -25000 5000 -25000 2000]
	ElementLine [5000 -25000 5000 5000 2000]
	ElementLine [-5000 5000 5000 5000 2000]

	)

Element["" "Transistor" "" "TO126W" 354331 87614 7000 4000 1 100 ""]
(
	Pin[0 -1000 8000 3000 8600 5200 "1" "1" "square"]
	Pin[0 -10000 8000 3000 8600 5200 "2" "2" ""]
	Pin[0 -19000 8000 3000 8600 5200 "3" "3" ""]
	ElementLine [-5000 -25000 -5000 5000 2000]
	ElementLine [-5000 -25000 5000 -25000 2000]
	ElementLine [5000 -25000 5000 5000 2000]
	ElementLine [-5000 5000 5000 5000 2000]

	)

Element["" "Transistor" "" "TO126W" 248031 86614 7000 4000 1 100 ""]
(
	Pin[0 -1000 8000 3000 8600 5200 "1" "1" "square"]
	Pin[0 -10000 8000 3000 8600 5200 "2" "2" ""]
	Pin[0 -19000 8000 3000 8600 5200 "3" "3" ""]
	ElementLine [-5000 -25000 -5000 5000 2000]
	ElementLine [-5000 -25000 5000 -25000 2000]
	ElementLine [5000 -25000 5000 5000 2000]
	ElementLine [-5000 5000 5000 5000 2000]

	)

Element["" "Transistor" "" "TO126W" 389764 87614 7000 4000 1 100 ""]
(
	Pin[0 -1000 8000 3000 8600 5200 "1" "1" "square"]
	Pin[0 -10000 8000 3000 8600 5200 "2" "2" ""]
	Pin[0 -19000 8000 3000 8600 5200 "3" "3" ""]
	ElementLine [-5000 -25000 -5000 5000 2000]
	ElementLine [-5000 -25000 5000 -25000 2000]
	ElementLine [5000 -25000 5000 5000 2000]
	ElementLine [-5000 5000 5000 5000 2000]

	)

Element["" "Transistor" "" "TO126W" 212598 88614 7000 4000 1 100 ""]
(
	Pin[0 -1000 8000 3000 8600 5200 "1" "1" "square"]
	Pin[0 -10000 8000 3000 8600 5200 "2" "2" ""]
	Pin[0 -19000 8000 3000 8600 5200 "3" "3" ""]
	ElementLine [-5000 -25000 -5000 5000 2000]
	ElementLine [-5000 -25000 5000 -25000 2000]
	ElementLine [5000 -25000 5000 5000 2000]
	ElementLine [-5000 5000 5000 5000 2000]

	)

Element["" "Transistor" "" "TO126W" 425197 86614 7000 4000 1 100 ""]
(
	Pin[0 -1000 8000 3000 8600 5200 "1" "1" "square"]
	Pin[0 -10000 8000 3000 8600 5200 "2" "2" ""]
	Pin[0 -19000 8000 3000 8600 5200 "3" "3" ""]
	ElementLine [-5000 -25000 -5000 5000 2000]
	ElementLine [-5000 -25000 5000 -25000 2000]
	ElementLine [5000 -25000 5000 5000 2000]
	ElementLine [-5000 5000 5000 5000 2000]

	)

Element["" "Transistor" "" "TO126W" 177165 88740 7000 4000 1 100 ""]
(
	Pin[0 -1000 8000 3000 8600 5200 "1" "1" "square"]
	Pin[0 -10000 8000 3000 8600 5200 "2" "2" ""]
	Pin[0 -19000 8000 3000 8600 5200 "3" "3" ""]
	ElementLine [-5000 -25000 -5000 5000 2000]
	ElementLine [-5000 -25000 5000 -25000 2000]
	ElementLine [5000 -25000 5000 5000 2000]
	ElementLine [-5000 5000 5000 5000 2000]

	)

Element["" "Transistor" "" "TO126W" 141732 89740 7000 4000 1 100 ""]
(
	Pin[0 -1000 8000 3000 8600 5200 "1" "1" "square"]
	Pin[0 -10000 8000 3000 8600 5200 "2" "2" ""]
	Pin[0 -19000 8000 3000 8600 5200 "3" "3" ""]
	ElementLine [-5000 -25000 -5000 5000 2000]
	ElementLine [-5000 -25000 5000 -25000 2000]
	ElementLine [5000 -25000 5000 5000 2000]
	ElementLine [-5000 5000 5000 5000 2000]

	)

Element["" "connector 2x3 pins" "" "6" 354331 39370 -5000 -21000 0 100 ""]
(
	Pin[0 0 6000 3000 6600 3800 "1" "1" "square,edge2"]
	Pin[0 -10000 6000 3000 6600 3800 "2" "2" "edge2"]
	Pin[10000 0 6000 3000 6600 3800 "3" "3" "edge2"]
	Pin[10000 -10000 6000 3000 6600 3800 "4" "4" "edge2"]
	Pin[20000 0 6000 3000 6600 3800 "5" "5" "edge2"]
	Pin[20000 -10000 6000 3000 6600 3800 "6" "6" "edge2"]
	ElementLine [-5000 5000 25000 5000 1000]
	ElementLine [25000 -15000 25000 5000 1000]
	ElementLine [-5000 -15000 25000 -15000 1000]
	ElementLine [-5000 -15000 -5000 5000 1000]
	ElementLine [5000 -5000 5000 5000 1000]
	ElementLine [-5000 -5000 5000 -5000 1000]

	)

Element["" "connector 2x3 pins" "" "6" 141732 39370 -5000 -21000 0 100 ""]
(
	Pin[0 0 6000 3000 6600 3800 "1" "1" "square,edge2"]
	Pin[0 -10000 6000 3000 6600 3800 "2" "2" "edge2"]
	Pin[10000 0 6000 3000 6600 3800 "3" "3" "edge2"]
	Pin[10000 -10000 6000 3000 6600 3800 "4" "4" "edge2"]
	Pin[20000 0 6000 3000 6600 3800 "5" "5" "edge2"]
	Pin[20000 -10000 6000 3000 6600 3800 "6" "6" "edge2"]
	ElementLine [-5000 5000 25000 5000 1000]
	ElementLine [25000 -15000 25000 5000 1000]
	ElementLine [-5000 -15000 25000 -15000 1000]
	ElementLine [-5000 -15000 -5000 5000 1000]
	ElementLine [5000 -5000 5000 5000 1000]
	ElementLine [-5000 -5000 5000 -5000 1000]

	)
Layer(1 "top")
(
	Line[106299 523622 578740 523622 7874 15748 "clearline"]
	Line[19685 413386 74803 413386 7874 15748 "clearline"]
	Line[110236 413386 578740 413386 7874 15748 "clearline"]
	Line[19685 437008 74803 437008 7874 15748 "clearline"]
	Line[145669 440945 145669 472315 3937 7874 "clearline"]
	Line[155669 440945 155669 454882 3937 7874 "clearline"]
	Line[155669 454882 165354 464567 3937 7874 "clearline"]
	Line[165354 464567 174354 464567 3937 7874 "clearline"]
	Line[174354 464567 181102 471315 3937 7874 "clearline"]
	Line[165669 440945 165669 449134 3937 7874 "clearline"]
	Line[165669 449134 169291 452756 3937 7874 "clearline"]
	Line[169291 452756 198102 452756 3937 7874 "clearline"]
	Line[198102 452756 216535 471189 3937 7874 "clearline"]
	Line[251969 440945 251969 469189 3937 7874 "clearline"]
	Line[261969 440945 261969 454882 3937 7874 "clearline"]
	Line[261969 454882 271654 464567 3937 7874 "clearline"]
	Line[271654 464567 281780 464567 3937 7874 "clearline"]
	Line[281780 464567 287402 470189 3937 7874 "clearline"]
	Line[271969 440945 271969 449134 3937 7874 "clearline"]
	Line[271969 449134 275591 452756 3937 7874 "clearline"]
	Line[275591 452756 305402 452756 3937 7874 "clearline"]
	Line[305402 452756 322835 470189 3937 7874 "clearline"]
	Line[358268 440945 358268 470189 3937 7874 "clearline"]
	Line[368268 440945 368268 454882 3937 7874 "clearline"]
	Line[368268 454882 377953 464567 3937 7874 "clearline"]
	Line[377953 464567 388079 464567 3937 7874 "clearline"]
	Line[388079 464567 393701 470189 3937 7874 "clearline"]
	Line[378268 440945 378268 449134 3937 7874 "clearline"]
	Line[378268 449134 381890 452756 3937 7874 "clearline"]
	Line[381890 452756 412701 452756 3937 7874 "clearline"]
	Line[412701 452756 429134 469189 3937 7874 "clearline"]
	Line[145669 417323 145669 430945 3937 7874 "clearline"]
	Line[155669 430945 155669 419134 3937 7874 "clearline"]
	Line[155669 419134 157480 417323 3937 7874 "clearline"]
	Line[165669 430945 165669 417638 3937 7874 "clearline"]
	Line[165669 417638 165354 417323 3937 7874 "clearline"]
	Line[251969 430945 251969 417323 3937 7874 "clearline"]
	Line[261969 430945 261969 419134 3937 7874 "clearline"]
	Line[261969 419134 263780 417323 3937 7874 "clearline"]
	Line[271969 430945 271969 417638 3937 7874 "clearline"]
	Line[271969 417638 271654 417323 3937 7874 "clearline"]
	Line[358268 430945 358268 417323 3937 7874 "clearline"]
	Line[368268 430945 368268 419134 3937 7874 "clearline"]
	Line[368268 419134 370079 417323 3937 7874 "clearline"]
	Line[378268 430945 378268 417638 3937 7874 "clearline"]
	Line[378268 417638 377953 417323 3937 7874 "clearline"]
	Line[145669 490315 145669 523622 3937 7874 "clearline"]
	Line[181102 490315 181102 523622 3937 7874 "clearline"]
	Line[216535 490189 216535 523622 3937 7874 "clearline"]
	Line[251969 487189 251969 523622 3937 7874 "clearline"]
	Line[287402 489189 287402 523622 3937 7874 "clearline"]
	Line[322835 489189 322835 523622 3937 7874 "clearline"]
	Line[358268 489189 358268 523622 3937 7874 "clearline"]
	Line[393701 488189 393701 523622 3937 7874 "clearline"]
	Line[429134 487189 429134 523622 3937 7874 "clearline"]
	Line[464567 439945 464567 469189 3937 7874 "clearline"]
	Line[474567 439945 474567 453882 3937 7874 "clearline"]
	Line[474567 453882 484252 463567 3937 7874 "clearline"]
	Line[484252 463567 494378 463567 3937 7874 "clearline"]
	Line[494378 463567 500000 469189 3937 7874 "clearline"]
	Line[484567 439945 484567 448134 3937 7874 "clearline"]
	Line[484567 448134 488189 451756 3937 7874 "clearline"]
	Line[488189 451756 519000 451756 3937 7874 "clearline"]
	Line[519000 451756 535433 468189 3937 7874 "clearline"]
	Line[464567 429945 464567 416323 3937 7874 "clearline"]
	Line[474567 429945 474567 418134 3937 7874 "clearline"]
	Line[474567 418134 476378 416323 3937 7874 "clearline"]
	Line[484567 429945 484567 416638 3937 7874 "clearline"]
	Line[484567 416638 484252 416323 3937 7874 "clearline"]
	Line[464567 488189 464567 522622 3937 7874 "clearline"]
	Line[500000 487189 500000 522622 3937 7874 "clearline"]
	Line[535433 486189 535433 522622 3937 7874 "clearline"]
	Line[161417 590551 161417 543307 3937 7874 "clearline"]
	Line[531496 285402 531496 321835 3937 7874 "clearline"]
	Line[496063 286402 496063 321835 3937 7874 "clearline"]
	Line[460630 287402 460630 321835 3937 7874 "clearline"]
	Line[480630 215850 480315 215535 3937 7874 "clearline"]
	Line[480630 229157 480630 215850 3937 7874 "clearline"]
	Line[470630 217346 472441 215535 3937 7874 "clearline"]
	Line[470630 229157 470630 217346 3937 7874 "clearline"]
	Line[460630 229157 460630 215535 3937 7874 "clearline"]
	Line[515063 250969 531496 267402 3937 7874 "clearline"]
	Line[484252 250969 515063 250969 3937 7874 "clearline"]
	Line[480630 247346 484252 250969 3937 7874 "clearline"]
	Line[480630 239157 480630 247346 3937 7874 "clearline"]
	Line[490441 262780 496063 268402 3937 7874 "clearline"]
	Line[480315 262780 490441 262780 3937 7874 "clearline"]
	Line[470630 253094 480315 262780 3937 7874 "clearline"]
	Line[470630 239157 470630 253094 3937 7874 "clearline"]
	Line[460630 239157 460630 268402 3937 7874 "clearline"]
	Line[425197 286402 425197 322835 3937 7874 "clearline"]
	Line[389764 287402 389764 322835 3937 7874 "clearline"]
	Line[354331 288402 354331 322835 3937 7874 "clearline"]
	Line[318898 288402 318898 322835 3937 7874 "clearline"]
	Line[283465 288402 283465 322835 3937 7874 "clearline"]
	Line[248031 286402 248031 322835 3937 7874 "clearline"]
	Line[212598 289402 212598 322835 3937 7874 "clearline"]
	Line[177165 289528 177165 322835 3937 7874 "clearline"]
	Line[141732 289528 141732 322835 3937 7874 "clearline"]
	Line[374331 216850 374016 216535 3937 7874 "clearline"]
	Line[374331 230157 374331 216850 3937 7874 "clearline"]
	Line[364331 218346 366142 216535 3937 7874 "clearline"]
	Line[364331 230157 364331 218346 3937 7874 "clearline"]
	Line[354331 230157 354331 216535 3937 7874 "clearline"]
	Line[268031 216850 267717 216535 3937 7874 "clearline"]
	Line[268031 230157 268031 216850 3937 7874 "clearline"]
	Line[258031 218346 259843 216535 3937 7874 "clearline"]
	Line[258031 230157 258031 218346 3937 7874 "clearline"]
	Line[248031 230157 248031 216535 3937 7874 "clearline"]
	Line[161732 216850 161417 216535 3937 7874 "clearline"]
	Line[161732 230157 161732 216850 3937 7874 "clearline"]
	Line[151732 218346 153543 216535 3937 7874 "clearline"]
	Line[151732 230157 151732 218346 3937 7874 "clearline"]
	Line[141732 216535 141732 230157 3937 7874 "clearline"]
	Line[408764 251969 425197 268402 3937 7874 "clearline"]
	Line[377953 251969 408764 251969 3937 7874 "clearline"]
	Line[374331 248346 377953 251969 3937 7874 "clearline"]
	Line[374331 240157 374331 248346 3937 7874 "clearline"]
	Line[384142 263780 389764 269402 3937 7874 "clearline"]
	Line[374016 263780 384142 263780 3937 7874 "clearline"]
	Line[364331 254094 374016 263780 3937 7874 "clearline"]
	Line[364331 240157 364331 254094 3937 7874 "clearline"]
	Line[354331 240157 354331 269402 3937 7874 "clearline"]
	Line[301465 251969 318898 269402 3937 7874 "clearline"]
	Line[271654 251969 301465 251969 3937 7874 "clearline"]
	Line[268031 248346 271654 251969 3937 7874 "clearline"]
	Line[268031 240157 268031 248346 3937 7874 "clearline"]
	Line[277843 263780 283465 269402 3937 7874 "clearline"]
	Line[267717 263780 277843 263780 3937 7874 "clearline"]
	Line[258031 254094 267717 263780 3937 7874 "clearline"]
	Line[258031 240157 258031 254094 3937 7874 "clearline"]
	Line[248031 240157 248031 268402 3937 7874 "clearline"]
	Line[194165 251969 212598 270402 3937 7874 "clearline"]
	Line[165354 251969 194165 251969 3937 7874 "clearline"]
	Line[161732 248346 165354 251969 3937 7874 "clearline"]
	Line[161732 240157 161732 248346 3937 7874 "clearline"]
	Line[170417 263780 177165 270528 3937 7874 "clearline"]
	Line[161417 263780 170417 263780 3937 7874 "clearline"]
	Line[151732 254094 161417 263780 3937 7874 "clearline"]
	Line[151732 240157 151732 254094 3937 7874 "clearline"]
	Line[141732 240157 141732 271528 3937 7874 "clearline"]
	Line[15748 236220 70866 236220 7874 15748 "clearline"]
	Line[106299 212598 574803 212598 7874 15748 "clearline"]
	Line[15748 212598 70866 212598 7874 15748 "clearline"]
	Line[102362 322835 574803 322835 7874 15748 "clearline"]
	Line[161417 389764 161417 342520 3937 7874 "clearline"]
	Line[531496 84614 531496 121047 3937 7874 "clearline"]
	Line[496063 85614 496063 121047 3937 7874 "clearline"]
	Line[460630 86614 460630 121047 3937 7874 "clearline"]
	Line[480630 15063 480315 14748 3937 7874 "clearline"]
	Line[480630 28370 480630 15063 3937 7874 "clearline"]
	Line[470630 16559 472441 14748 3937 7874 "clearline"]
	Line[470630 28370 470630 16559 3937 7874 "clearline"]
	Line[460630 28370 460630 14748 3937 7874 "clearline"]
	Line[515063 50181 531496 66614 3937 7874 "clearline"]
	Line[484252 50181 515063 50181 3937 7874 "clearline"]
	Line[480630 46559 484252 50181 3937 7874 "clearline"]
	Line[480630 38370 480630 46559 3937 7874 "clearline"]
	Line[490441 61992 496063 67614 3937 7874 "clearline"]
	Line[480315 61992 490441 61992 3937 7874 "clearline"]
	Line[470630 52307 480315 61992 3937 7874 "clearline"]
	Line[470630 38370 470630 52307 3937 7874 "clearline"]
	Line[460630 38370 460630 67614 3937 7874 "clearline"]
	Line[425197 85614 425197 122047 3937 7874 "clearline"]
	Line[389764 86614 389764 122047 3937 7874 "clearline"]
	Line[354331 87614 354331 122047 3937 7874 "clearline"]
	Line[318898 87614 318898 122047 3937 7874 "clearline"]
	Line[283465 87614 283465 122047 3937 7874 "clearline"]
	Line[248031 85614 248031 122047 3937 7874 "clearline"]
	Line[212598 88614 212598 122047 3937 7874 "clearline"]
	Line[177165 88740 177165 122047 3937 7874 "clearline"]
	Line[141732 88740 141732 122047 3937 7874 "clearline"]
	Line[374331 16063 374016 15748 3937 7874 "clearline"]
	Line[374331 29370 374331 16063 3937 7874 "clearline"]
	Line[364331 17559 366142 15748 3937 7874 "clearline"]
	Line[364331 29370 364331 17559 3937 7874 "clearline"]
	Line[354331 29370 354331 15748 3937 7874 "clearline"]
	Line[268031 16063 267717 15748 3937 7874 "clearline"]
	Line[268031 29370 268031 16063 3937 7874 "clearline"]
	Line[258031 17559 259843 15748 3937 7874 "clearline"]
	Line[258031 29370 258031 17559 3937 7874 "clearline"]
	Line[248031 29370 248031 15748 3937 7874 "clearline"]
	Line[161732 16063 161417 15748 3937 7874 "clearline"]
	Line[161732 29370 161732 16063 3937 7874 "clearline"]
	Line[151732 17559 153543 15748 3937 7874 "clearline"]
	Line[151732 29370 151732 17559 3937 7874 "clearline"]
	Line[141732 15748 141732 29370 3937 7874 "clearline"]
	Line[408764 51181 425197 67614 3937 7874 "clearline"]
	Line[377953 51181 408764 51181 3937 7874 "clearline"]
	Line[374331 47559 377953 51181 3937 7874 "clearline"]
	Line[374331 39370 374331 47559 3937 7874 "clearline"]
	Line[384142 62992 389764 68614 3937 7874 "clearline"]
	Line[374016 62992 384142 62992 3937 7874 "clearline"]
	Line[364331 53307 374016 62992 3937 7874 "clearline"]
	Line[364331 39370 364331 53307 3937 7874 "clearline"]
	Line[354331 39370 354331 68614 3937 7874 "clearline"]
	Line[301465 51181 318898 68614 3937 7874 "clearline"]
	Line[271654 51181 301465 51181 3937 7874 "clearline"]
	Line[268031 47559 271654 51181 3937 7874 "clearline"]
	Line[268031 39370 268031 47559 3937 7874 "clearline"]
	Line[277843 62992 283465 68614 3937 7874 "clearline"]
	Line[267717 62992 277843 62992 3937 7874 "clearline"]
	Line[258031 53307 267717 62992 3937 7874 "clearline"]
	Line[258031 39370 258031 53307 3937 7874 "clearline"]
	Line[248031 39370 248031 67614 3937 7874 "clearline"]
	Line[194165 51181 212598 69614 3937 7874 "clearline"]
	Line[165354 51181 194165 51181 3937 7874 "clearline"]
	Line[161732 47559 165354 51181 3937 7874 "clearline"]
	Line[161732 39370 161732 47559 3937 7874 "clearline"]
	Line[170417 62992 177165 69740 3937 7874 "clearline"]
	Line[161417 62992 170417 62992 3937 7874 "clearline"]
	Line[151732 53307 161417 62992 3937 7874 "clearline"]
	Line[151732 39370 151732 53307 3937 7874 "clearline"]
	Line[141732 39370 141732 70740 3937 7874 "clearline"]
	Line[15748 35433 70866 35433 7874 15748 "clearline"]
	Line[106299 11811 574803 11811 7874 15748 "clearline"]
	Line[15748 11811 70866 11811 7874 15748 "clearline"]
	Line[102362 122047 574803 122047 7874 15748 "clearline"]
	Line[161417 188976 161417 141732 3937 7874 "clearline"]
	Line[161417 141732 0 141732 3937 7874 "clearline"]
	Line[161417 342520 0 342520 3937 7874 "clearline"]
	Line[161417 543307 0 543307 3937 7874 "clearline"]
	Line[0 389764 590551 389764 4000 2000 "clearline"]
	Line[0 188976 590551 188976 4000 2000 "clearline"]
	Line[74803 437008 74803 492126 7874 15748 "clearline"]
	Line[74803 492126 106299 523622 7874 15748 "clearline"]
	Line[70866 236220 70866 291339 7874 15748 "clearline"]
	Line[70866 291339 102362 322835 7874 15748 "clearline"]
	Line[70866 35433 70866 90551 7874 15748 "clearline"]
	Line[70866 90551 102362 122047 7874 15748 "clearline"]
	Text[15748 551181 0 100 "Owen Holloway" "clearline"]
	Text[15748 562992 0 100 "InsidePlanetEarth" "clearline"]
	Text[15748 574803 0 100 "github.com/owen-holloway101/insideplanetearth" "clearline"]
	Text[15748 374016 0 100 "github.com/owen-holloway101/insideplanetearth" "clearline"]
	Text[15748 362205 0 100 "InsidePlanetEarth" "clearline"]
	Text[15748 350394 0 100 "Owen Holloway" "clearline"]
	Text[15748 173228 0 100 "github.com/owen-holloway101/insideplanetearth" "clearline"]
	Text[15748 161417 0 100 "InsidePlanetEarth" "clearline"]
	Text[15748 149606 0 100 "Owen Holloway" "clearline"]
)
Layer(2 "ground")
(
)
Layer(3 "signal2")
(
)
Layer(4 "signal3")
(
)
Layer(5 "power")
(
)
Layer(6 "bottom")
(
)
Layer(7 "outline")
(
)
Layer(8 "spare")
(
)
Layer(9 "silk")
(
)
Layer(10 "silk")
(
)
